Clustering generated:
{39: [1, 24, 47, 53, 56, 67, 69, 73, 87, 89, 121, 133, 135, 157, 169, 173, 174, 194, 228, 254, 277, 290, 306, 343, 367, 373, 374, 377, 378, 402, 413, 418, 20, 148, 247, 54, 122, 156, 213, 271, 326, 330, 61, 86, 115, 251, 258, 281, 313, 322, 360, 32, 48, 88, 94, 119, 199, 211, 226, 233, 236, 240, 241, 279, 283, 284, 304, 329, 355, 359, 384, 390, 397, 408, 412, 416, 39, 71, 140, 264, 272, 291, 294, 295, 332, 419, 15, 138, 341, 38, 79, 176, 191, 232, 275, 293, 310, 363, 379, 423, 5, 12, 131, 149, 193, 407, 11, 49, 64, 113, 155, 196, 202, 212, 263, 299, 301, 316, 321, 339, 396, 422, 25, 26, 45, 78, 80, 93, 102, 103, 151, 152, 204, 237, 262, 335, 6, 91, 253, 261, 337, 2, 22, 75, 92, 114, 170, 206, 219, 230, 267, 371, 207, 352, 394, 185, 10, 33, 35, 58, 70, 108, 127, 128, 139, 171, 180, 192, 198, 200, 203, 231, 234, 269, 276, 328, 346, 350, 358, 361, 372, 376, 382, 386, 392, 395, 417, 7, 9, 31, 96, 107, 181, 182, 201, 220, 229, 243, 246, 302, 303, 314, 365, 369, 400, 414, 74, 81, 82, 150, 153, 183, 205, 209, 210, 223, 225, 278, 405, 297, 63, 166, 168, 186, 252, 342, 398, 66, 187, 97, 324, 36, 59, 84, 123, 208, 248, 325, 124, 380, 21, 274, 265, 106, 109, 189, 381, 387, 136, 282, 111, 312, 165, 145, 385, 190], 14: [34, 280, 23, 46, 99, 144, 142, 154, 159, 188, 309, 348, 389, 17, 27, 43, 55, 85, 98, 120, 147, 164, 177, 221, 227, 287, 288, 307, 308, 315, 331, 333, 338, 340, 349, 356, 370, 403, 160, 215, 318, 364, 292, 401, 411, 420, 42, 101, 116, 125, 134, 141, 255, 257, 300, 319, 327, 14, 51, 100, 132, 162, 195, 197, 235, 242, 249, 268, 273, 286, 298, 334, 344, 353, 404, 13, 44, 65, 90, 217, 266, 270, 285, 345, 366, 388, 146, 179, 391, 410, 41, 351, 383, 30, 37, 68, 105, 158, 178, 238, 259, 260, 323, 368, 399, 406, 421, 76, 167, 184, 409, 28, 77, 305, 354, 117, 163, 110, 175, 256, 50, 224, 57, 52, 72, 222, 244, 357, 83, 311, 104, 161, 112, 239, 245, 296, 8, 289, 137, 375, 126, 16, 40, 29, 62, 129, 143, 214, 250, 317, 320, 393, 3, 415, 19, 347, 18, 216, 60, 4, 218, 95, 362, 336, 130, 172, 118]}
RSS for each cluster:
{39: 494.16672006057564, 14: 324.31050234756106}
Point closer to each cluster:
{39: 39, 14: 14}
average RSS:
409.2386112040683
Clustering generated:
{157: [1, 24, 47, 53, 56, 69, 73, 87, 89, 121, 133, 135, 157, 169, 173, 174, 194, 228, 254, 306, 367, 373, 374, 377, 378, 402, 413, 418, 20, 23, 148, 247, 46, 54, 99, 144, 156, 213, 271, 61, 142, 258, 313, 322, 348, 360, 27, 32, 43, 48, 88, 120, 164, 199, 211, 221, 236, 283, 284, 315, 349, 356, 384, 390, 403, 408, 39, 71, 140, 160, 215, 264, 272, 291, 295, 332, 364, 419, 292, 341, 38, 232, 293, 310, 363, 379, 401, 411, 420, 423, 101, 116, 149, 193, 255, 407, 14, 49, 100, 195, 202, 321, 334, 396, 25, 26, 44, 45, 65, 80, 90, 93, 102, 103, 151, 217, 237, 285, 335, 6, 91, 391, 22, 41, 75, 170, 219, 230, 351, 383, 207, 394, 185, 10, 35, 108, 128, 139, 158, 171, 200, 203, 231, 259, 260, 269, 323, 328, 346, 350, 358, 361, 386, 392, 9, 31, 182, 184, 243, 246, 303, 369, 28, 74, 77, 82, 183, 209, 223, 278, 63, 175, 50, 224, 208, 325, 124, 380, 8, 265, 40, 109, 129, 189, 317, 387], 416: [34, 67, 277, 280, 290, 343, 122, 326, 86, 115, 159, 188, 251, 281, 309, 389, 17, 55, 85, 94, 98, 119, 177, 226, 227, 233, 240, 241, 279, 287, 288, 304, 307, 308, 331, 333, 338, 355, 359, 370, 416, 294, 318, 15, 138, 79, 176, 275, 5, 42, 125, 131, 134, 141, 257, 319, 327, 11, 51, 64, 113, 132, 155, 162, 196, 197, 212, 235, 242, 249, 268, 273, 286, 298, 301, 316, 339, 353, 404, 422, 13, 78, 152, 262, 266, 270, 345, 388, 146, 179, 253, 261, 337, 410, 92, 114, 267, 371, 352, 33, 37, 68, 70, 105, 127, 178, 180, 192, 198, 234, 238, 368, 372, 376, 382, 399, 406, 417, 421, 7, 76, 96, 107, 167, 181, 201, 220, 365, 400, 409, 414, 81, 153, 210, 225, 305, 354, 405, 117, 166, 256, 168, 186, 342, 398, 66, 187, 52, 97, 222, 324, 357, 36, 59, 83, 84, 248, 311, 104, 21, 112, 239, 245, 296, 289, 137, 375, 126, 16, 29, 62, 106, 143, 214, 250, 320, 381, 136, 282, 393, 111, 3, 415, 19, 312, 347, 18, 216, 165, 60, 4, 218, 385, 130, 172, 190, 118], 274: [330, 154, 147, 329, 340, 397, 412, 191, 12, 300, 263, 299, 344, 204, 366, 2, 206, 30, 58, 276, 395, 229, 302, 314, 150, 205, 297, 163, 110, 252, 57, 72, 244, 123, 161, 274, 95, 145, 362, 336]}
RSS for each cluster:
{157: 354.4861630480468, 416: 378.9802388205581, 274: 75.63600062029661}
Point closer to each cluster:
{157: 157, 416: 416, 274: 274}
average RSS:
269.7008008296338
Clustering generated:
{244: [1, 290, 343, 402, 330, 142, 154, 389, 43, 177, 199, 211, 329, 356, 412, 71, 291, 292, 176, 363, 401, 14, 162, 263, 273, 321, 404, 45, 151, 345, 6, 2, 114, 371, 383, 352, 276, 28, 74, 205, 209, 110, 166, 52, 244, 324, 59, 84, 325, 104, 161, 112, 274, 296, 289, 136, 393, 111, 19, 18, 165, 145, 362], 107: [24, 34, 56, 73, 133, 157, 280, 367, 374, 378, 413, 23, 247, 122, 144, 188, 258, 281, 322, 27, 32, 48, 98, 221, 227, 241, 307, 331, 338, 340, 355, 390, 397, 408, 140, 160, 272, 294, 318, 332, 38, 310, 379, 411, 420, 423, 134, 193, 300, 319, 327, 11, 196, 202, 316, 13, 25, 78, 90, 93, 103, 152, 237, 262, 266, 270, 285, 366, 337, 75, 92, 206, 230, 351, 394, 33, 58, 68, 105, 171, 200, 231, 323, 328, 346, 372, 392, 399, 406, 417, 7, 9, 76, 107, 167, 182, 184, 201, 220, 243, 314, 365, 369, 400, 409, 414, 77, 183, 223, 225, 305, 354, 405, 297, 163, 63, 175, 168, 66, 72, 222, 36, 123, 311, 124, 380, 245, 8, 16, 62, 106, 109, 250, 381, 3, 312, 347, 218], 339: [47, 69, 89, 169, 173, 254, 277, 373, 20, 46, 156, 271, 326, 61, 313, 348, 360, 88, 119, 147, 236, 288, 308, 315, 333, 349, 359, 416, 39, 215, 264, 295, 364, 419, 191, 275, 293, 5, 12, 42, 116, 125, 131, 257, 407, 49, 51, 132, 155, 195, 212, 242, 249, 268, 286, 299, 301, 334, 339, 353, 422, 80, 204, 335, 146, 253, 261, 170, 207, 30, 127, 128, 158, 178, 180, 198, 203, 238, 260, 269, 350, 358, 368, 376, 382, 31, 229, 246, 302, 303, 81, 82, 150, 117, 256, 50, 186, 252, 398, 83, 248, 21, 265, 375, 126, 40, 29, 129, 189, 214, 387, 216, 4, 95, 385, 130, 172, 190], 35: [53, 67, 87, 121, 135, 174, 194, 228, 306, 377, 418, 148, 54, 99, 213, 86, 115, 159, 251, 309, 17, 55, 85, 94, 120, 164, 226, 233, 240, 279, 283, 284, 287, 304, 370, 384, 403, 15, 138, 341, 79, 232, 101, 141, 149, 255, 64, 100, 113, 197, 235, 298, 344, 396, 26, 44, 65, 102, 217, 388, 91, 179, 391, 410, 22, 41, 219, 267, 185, 10, 35, 37, 70, 108, 139, 192, 234, 259, 361, 386, 395, 421, 96, 181, 153, 210, 278, 342, 187, 224, 57, 97, 357, 208, 239, 137, 143, 317, 320, 282, 415, 60, 336, 118]}
RSS for each cluster:
{244: 120.39406925400824, 107: 265.5984240959736, 339: 225.89806578418847, 35: 199.27619311272795}
Point closer to each cluster:
{244: 244, 107: 107, 339: 339, 35: 35}
average RSS:
202.79168806172456
Clustering generated:
{339: [1, 34, 47, 56, 67, 89, 121, 133, 169, 173, 194, 228, 254, 277, 290, 343, 20, 148, 46, 99, 156, 326, 61, 86, 115, 159, 251, 309, 17, 32, 43, 48, 88, 120, 147, 164, 211, 221, 236, 241, 284, 287, 288, 304, 308, 315, 340, 356, 359, 397, 408, 416, 39, 215, 272, 294, 419, 232, 363, 5, 42, 101, 116, 131, 141, 149, 257, 327, 407, 100, 132, 155, 195, 197, 212, 242, 268, 334, 339, 396, 45, 217, 285, 335, 6, 179, 253, 337, 391, 170, 267, 207, 352, 30, 33, 70, 127, 139, 171, 178, 180, 192, 198, 203, 234, 238, 260, 269, 323, 350, 358, 368, 376, 382, 386, 395, 406, 7, 31, 167, 181, 220, 303, 409, 77, 150, 210, 405, 117, 110, 175, 256, 50, 186, 252, 398, 244, 36, 112, 265, 375, 16, 40, 29, 109, 129, 189, 214, 387, 19, 216, 4, 95], 123: [24, 306, 367, 374, 378, 418, 54, 330, 313, 27, 233, 329, 15, 38, 310, 401, 300, 273, 404, 102, 204, 270, 146, 261, 114, 351, 185, 96, 229, 297, 187, 57, 72, 324, 84, 123, 161, 274, 137, 62, 250, 347, 18, 145, 362, 172], 331: [53, 73, 135, 174, 373, 377, 413, 23, 247, 122, 144, 213, 142, 154, 281, 322, 348, 389, 55, 94, 119, 227, 240, 283, 331, 333, 338, 355, 370, 384, 390, 71, 140, 160, 264, 291, 332, 138, 176, 191, 293, 420, 193, 14, 64, 113, 162, 196, 249, 298, 301, 344, 422, 26, 65, 90, 103, 237, 262, 91, 410, 75, 394, 10, 35, 58, 105, 108, 200, 231, 276, 328, 372, 392, 9, 76, 182, 201, 243, 246, 302, 314, 369, 400, 414, 153, 223, 225, 278, 305, 354, 166, 168, 222, 357, 83, 208, 248, 325, 124, 380, 21, 245, 8, 143, 317, 320, 282, 312, 218, 130, 118], 206: [69, 402, 188, 85, 98, 177, 403, 412, 295, 364, 379, 12, 125, 134, 319, 11, 51, 235, 263, 286, 299, 316, 321, 353, 13, 25, 78, 80, 151, 152, 266, 366, 388, 2, 22, 206, 158, 365, 74, 81, 82, 183, 205, 209, 163, 66, 52, 97, 59, 311, 126, 106, 381, 3, 415, 165, 60, 336], 68: [87, 157, 280, 271, 258, 360, 199, 226, 279, 307, 349, 318, 292, 341, 79, 275, 411, 423, 255, 49, 202, 44, 93, 345, 41, 92, 219, 230, 371, 383, 37, 68, 128, 259, 346, 361, 399, 417, 421, 107, 184, 28, 63, 342, 224, 104, 239, 296, 289, 136, 393, 111, 385, 190]}
RSS for each cluster:
{339: 293.6804852917938, 123: 87.83382951363409, 331: 215.86628717612024, 206: 110.90951049115722, 68: 102.84442204421488}
Point closer to each cluster:
{339: 339, 123: 123, 331: 331, 206: 206, 68: 68}
average RSS:
162.22690690338405
Clustering generated:
{86: [1, 24, 73, 121, 135, 173, 194, 228, 277, 290, 374, 377, 418, 99, 122, 213, 86, 115, 142, 159, 188, 281, 309, 360, 27, 43, 48, 55, 85, 147, 226, 227, 233, 279, 307, 331, 340, 384, 412, 71, 140, 160, 291, 294, 15, 138, 341, 79, 191, 232, 411, 101, 141, 255, 300, 327, 49, 51, 100, 113, 195, 235, 242, 263, 321, 344, 422, 44, 78, 262, 266, 261, 337, 391, 2, 114, 170, 206, 230, 267, 394, 10, 35, 37, 58, 68, 70, 128, 139, 200, 234, 238, 386, 181, 414, 74, 77, 82, 153, 209, 210, 163, 175, 186, 342, 398, 187, 224, 104, 21, 296, 137, 16, 40, 381, 347, 165, 172, 190], 17: [34, 67, 367, 378, 17, 98, 119, 177, 240, 283, 329, 416, 293, 310, 5, 131, 319, 162, 197, 299, 353, 396, 404, 13, 152, 204, 237, 345, 366, 388, 253, 352, 33, 180, 368, 382, 421, 246, 302, 278, 297, 166, 57, 52, 72, 59, 84, 123, 248, 161, 112, 289, 265, 250, 317, 387, 136, 415, 18, 60, 95, 145, 362, 336, 130], 7: [47, 254, 280, 306, 373, 20, 148, 247, 46, 156, 61, 251, 322, 88, 94, 120, 199, 221, 236, 287, 315, 355, 356, 397, 403, 264, 272, 295, 292, 176, 275, 420, 423, 125, 193, 11, 155, 202, 212, 273, 286, 316, 25, 65, 80, 93, 102, 151, 146, 22, 41, 92, 371, 207, 185, 105, 192, 198, 269, 328, 346, 7, 31, 184, 229, 243, 28, 205, 223, 63, 256, 50, 168, 83, 239, 8, 126, 129, 393, 111, 4, 385, 118], 124: [53, 56, 69, 89, 133, 157, 174, 402, 413, 23, 313, 348, 389, 32, 284, 39, 215, 332, 363, 401, 116, 134, 149, 132, 249, 26, 90, 103, 285, 335, 179, 219, 351, 108, 203, 231, 260, 276, 372, 392, 399, 96, 220, 369, 81, 150, 183, 66, 208, 311, 325, 124, 380, 62, 312, 218], 30: [87, 169, 343, 271, 326, 330, 154, 211, 288, 304, 308, 333, 349, 359, 370, 419, 12, 257, 407, 14, 64, 268, 298, 301, 334, 45, 270, 383, 30, 171, 178, 259, 323, 350, 376, 395, 406, 9, 305, 110, 252, 97, 244, 324, 357, 274, 375, 29, 106, 282, 3, 19, 216], 109: [54, 144, 258, 164, 241, 338, 390, 408, 318, 364, 38, 379, 42, 196, 339, 217, 6, 91, 410, 75, 127, 158, 358, 361, 417, 76, 107, 167, 182, 201, 303, 314, 365, 400, 409, 225, 354, 405, 117, 222, 36, 245, 109, 143, 189, 214, 320]}
RSS for each cluster:
{86: 226.06445402808862, 17: 124.13223784488368, 7: 157.4550990023738, 124: 105.89750100288738, 30: 99.5512371212247, 109: 87.44344399377836}
Point closer to each cluster:
{86: 86, 17: 17, 7: 7, 124: 124, 30: 30, 109: 109}
average RSS:
133.42399549887276
Clustering generated:
{156: [1, 24, 34, 47, 53, 56, 69, 87, 89, 121, 157, 169, 228, 254, 280, 290, 343, 367, 373, 374, 378, 402, 413, 418, 20, 46, 54, 99, 122, 144, 156, 213, 271, 326, 330, 61, 154, 188, 251, 258, 281, 313, 322, 348, 389, 27, 32, 43, 48, 88, 94, 98, 119, 120, 147, 164, 177, 211, 221, 226, 227, 233, 236, 240, 241, 279, 283, 284, 287, 304, 307, 308, 315, 331, 333, 338, 340, 349, 355, 356, 359, 370, 384, 397, 408, 412, 416, 39, 71, 140, 160, 215, 272, 291, 294, 295, 318, 332, 138, 292, 341, 38, 79, 176, 191, 232, 275, 293, 310, 379, 5, 12, 42, 101, 134, 141, 193, 255, 300, 319, 327, 407, 11, 49, 64, 113, 132, 155, 196, 202, 212, 242, 263, 268, 273, 286, 298, 316, 321, 334, 396, 25, 26, 44, 45, 78, 80, 90, 93, 103, 204, 262, 266, 270, 285, 335, 388, 6, 179, 253, 261, 337, 391, 410, 2, 41, 75, 92, 170, 206, 230, 351, 371, 383, 352, 185, 30, 33, 58, 68, 127, 171, 178, 238, 259, 269, 323, 328, 350, 361, 372, 376, 382, 392, 395, 399, 406, 417, 9, 76, 96, 107, 167, 182, 201, 229, 246, 302, 303, 365, 409, 414, 74, 77, 183, 205, 223, 278, 305, 354, 405, 297, 163, 110, 166, 175, 256, 168, 186, 252, 66, 52, 97, 222, 324, 357, 59, 83, 123, 208, 248, 104, 124, 161, 112, 239, 245, 289, 126, 16, 40, 29, 106, 214, 250, 282, 393, 111, 3, 312, 347, 18, 218, 145, 336, 172], 366: [67, 403, 249, 237, 366, 57, 311, 380, 274, 62], 265: [73, 133, 135, 173, 277, 247, 360, 288, 390, 264, 364, 419, 423, 149, 22, 219, 207, 394, 200, 203, 231, 276, 368, 243, 369, 81, 150, 325, 265, 129, 189, 387, 165, 190, 118], 345: [174, 23, 148, 17, 329, 401, 125, 257, 14, 162, 299, 301, 404, 422, 13, 102, 151, 152, 217, 345, 146, 114, 105, 158, 192, 220, 314, 28, 72, 244, 296, 317, 381, 415, 60, 362, 130], 309: [194, 377, 86, 115, 142, 159, 309, 55, 85, 15, 51, 100, 197, 235, 344, 65, 91, 267, 10, 35, 37, 70, 108, 128, 139, 234, 386, 421, 181, 153, 209, 210, 225, 342, 187, 224, 36, 137, 143, 320, 136], 346: [306, 199, 363, 411, 420, 353, 346, 7, 31, 184, 63, 84, 21, 8, 19], 339: [116, 131, 195, 339, 180, 198, 260, 358, 400, 82, 117, 50, 398, 375, 109, 216, 4, 95, 385]}
RSS for each cluster:
{156: 505.46693896965814, 366: 17.475768490974513, 265: 63.87224183636438, 345: 68.89611710140038, 309: 75.35729908034439, 346: 26.294026769351177, 339: 34.36817572097813}
Point closer to each cluster:
{156: 156, 366: 366, 265: 265, 345: 345, 309: 309, 346: 346, 339: 339}
average RSS:
113.10436685272444
Clustering generated:
{295: [1, 24, 47, 53, 56, 73, 89, 133, 135, 157, 174, 194, 228, 254, 277, 280, 290, 306, 343, 367, 374, 378, 402, 413, 418, 20, 23, 148, 247, 46, 122, 156, 271, 330, 61, 86, 115, 159, 322, 348, 360, 32, 48, 236, 279, 307, 308, 315, 329, 331, 338, 355, 39, 140, 264, 272, 291, 295, 138, 341, 38, 79, 176, 232, 275, 363, 401, 411, 420, 423, 101, 255, 14, 195, 196, 202, 242, 299, 301, 316, 339, 422, 45, 80, 90, 102, 335, 22, 206, 207, 394, 68, 70, 108, 139, 198, 231, 238, 269, 346, 392, 7, 184, 303, 414, 77, 82, 205, 210, 63, 398, 66, 97, 380, 296, 8, 289, 40, 143, 189, 111, 60, 95, 362], 310: [34, 69, 17, 119, 177, 240, 241, 283, 333, 403, 191, 293, 310, 100, 273, 298, 353, 151, 204, 388, 179, 253, 261, 75, 259, 372, 9, 167, 302, 223, 354, 297, 57, 36, 83, 208, 250, 136, 393, 4], 96: [67, 173, 373, 377, 54, 213, 188, 258, 389, 88, 147, 164, 390, 416, 71, 318, 15, 379, 134, 155, 212, 396, 404, 93, 103, 345, 391, 410, 2, 114, 219, 230, 351, 371, 352, 58, 158, 200, 203, 328, 368, 399, 417, 96, 181, 182, 229, 243, 365, 369, 400, 81, 150, 183, 225, 168, 186, 187, 123, 248, 325, 104, 124, 245, 274, 265, 126, 62, 109, 214, 317, 387, 415, 347, 145, 385, 172, 190], 287: [87, 121, 169, 99, 142, 43, 55, 94, 120, 226, 227, 233, 284, 287, 356, 397, 412, 5, 319, 11, 132, 235, 249, 321, 344, 25, 65, 285, 337, 41, 92, 170, 267, 185, 33, 35, 105, 128, 180, 260, 382, 386, 76, 201, 409, 28, 153, 209, 305, 256, 50, 342, 52, 222, 244, 324, 357, 59, 311, 239, 16, 381, 3, 18, 165, 218, 336], 406: [144, 326, 221, 288, 304, 340, 370, 384, 408, 364, 292, 42, 131, 141, 149, 49, 64, 197, 334, 237, 10, 37, 178, 192, 234, 323, 361, 376, 406, 421, 31, 107, 246, 314, 405, 117, 137, 129], 29: [154, 309, 27, 85, 199, 211, 349, 359, 419, 12, 116, 257, 327, 407, 51, 268, 286, 13, 44, 91, 383, 30, 171, 350, 358, 395, 163, 252, 375, 29, 106, 320, 19], 98: [251, 313, 98, 160, 215, 294, 125, 193, 300, 26, 152, 217, 262, 266, 270, 366, 6, 127, 220, 74, 278, 110, 166, 175, 72, 84, 312, 118], 161: [281, 332, 113, 162, 263, 78, 146, 276, 224, 161, 21, 112, 282, 216, 130]}
RSS for each cluster:
{295: 235.58043114811343, 310: 74.94687216255315, 96: 149.01658655480287, 287: 127.08792607307475, 406: 71.1257027287071, 29: 60.92969352381483, 98: 52.430144575005045, 161: 26.624254142354783}
Point closer to each cluster:
{295: 295, 310: 310, 96: 96, 287: 287, 406: 406, 29: 29, 98: 98, 161: 161}
average RSS:
99.71770136355325
Clustering generated:
{103: [1, 34, 47, 53, 56, 87, 89, 228, 254, 402, 23, 360, 98, 221, 315, 384, 39, 160, 291, 294, 364, 363, 300, 202, 321, 90, 103, 151, 266, 219, 371, 207, 58, 139, 203, 231, 328, 184, 365, 74, 81, 150, 183, 205, 175, 187, 208, 124, 265, 40, 62, 143, 189, 387, 312, 347], 24: [24, 67, 73, 133, 135, 277, 306, 378, 247, 46, 188, 48, 199, 295, 138, 38, 401, 101, 134, 49, 45, 102, 41, 114, 35, 361, 77, 82, 375, 29, 129, 3, 362], 293: [69, 157, 173, 418, 20, 148, 54, 122, 271, 154, 281, 32, 88, 94, 240, 283, 333, 340, 349, 390, 403, 408, 71, 79, 176, 191, 293, 310, 379, 423, 131, 141, 255, 132, 273, 298, 299, 316, 353, 204, 262, 285, 366, 388, 253, 261, 394, 260, 382, 406, 421, 9, 182, 229, 243, 302, 369, 297, 110, 166, 342, 57, 311, 325, 106, 214, 250, 136, 282, 393, 165, 60, 145, 118], 256: [121, 169, 194, 99, 156, 326, 115, 142, 309, 313, 17, 85, 120, 164, 177, 211, 233, 241, 288, 308, 356, 359, 370, 397, 412, 416, 215, 272, 232, 5, 12, 42, 193, 257, 319, 327, 407, 11, 51, 100, 195, 197, 212, 235, 249, 268, 286, 339, 396, 422, 25, 80, 152, 335, 345, 6, 391, 22, 206, 267, 383, 185, 10, 30, 33, 70, 127, 171, 180, 234, 238, 323, 395, 7, 181, 314, 223, 405, 63, 256, 252, 398, 224, 324, 357, 36, 248, 112, 317, 19], 168: [174, 413, 159, 251, 258, 27, 43, 226, 227, 236, 284, 338, 140, 318, 292, 155, 26, 65, 337, 170, 230, 351, 37, 198, 259, 350, 399, 417, 220, 303, 409, 209, 210, 225, 278, 168, 66, 245, 109, 320], 21: [280, 290, 367, 330, 86, 279, 307, 329, 15, 275, 113, 162, 263, 44, 78, 217, 146, 269, 276, 346, 376, 392, 96, 163, 186, 123, 161, 21, 274, 296, 216, 4, 95, 385, 130, 172, 190], 18: [343, 374, 147, 287, 341, 411, 125, 14, 404, 13, 93, 270, 2, 92, 192, 72, 222, 244, 104, 239, 289, 126, 111, 415, 18, 336], 331: [373, 377, 144, 213, 61, 322, 389, 55, 119, 331, 264, 332, 419, 420, 196, 301, 334, 344, 237, 91, 410, 75, 108, 200, 358, 368, 386, 31, 76, 107, 167, 201, 246, 400, 414, 305, 354, 117, 380, 8, 218], 64: [348, 304, 355, 116, 149, 64, 242, 179, 352, 68, 105, 128, 158, 178, 372, 28, 153, 50, 52, 97, 59, 83, 84, 137, 16, 381]}
RSS for each cluster:
{103: 104.99024520027628, 24: 61.46663912131813, 293: 139.74278965240944, 256: 171.1892018530466, 168: 74.39177924972475, 21: 68.49325091736927, 18: 48.05580368785977, 331: 76.93513336563954, 64: 48.27946635434566}
Point closer to each cluster:
{103: 103, 24: 24, 293: 293, 256: 256, 168: 168, 21: 21, 18: 18, 331: 331, 64: 64}
average RSS:
88.1715899335544
Clustering generated:
{61: [1, 156, 61, 86, 154, 258, 313, 340, 412, 318, 423, 155, 196, 212, 242, 339, 185, 68, 127, 198, 238, 269, 350, 358, 181, 201, 303, 314, 297, 36, 106], 401: [24, 133, 280, 290, 306, 367, 418, 389, 227, 307, 295, 341, 38, 275, 310, 401, 113, 263, 404, 93, 102, 345, 366, 2, 114, 351, 105, 276, 328, 399, 96, 187, 222, 244, 59, 123, 104, 21, 274, 296, 129, 111, 18, 216, 145, 385, 172, 190], 67: [34, 67, 144, 142, 236, 288, 329, 356, 215, 232, 5, 319, 11, 197, 25, 285, 388, 41, 75, 230, 35, 180, 259, 361, 386, 76, 167, 220, 50, 66, 137, 143, 214, 347, 165, 118], 316: [47, 53, 89, 121, 157, 378, 148, 54, 99, 326, 330, 115, 188, 251, 17, 27, 48, 55, 88, 98, 221, 233, 279, 287, 408, 272, 294, 364, 138, 292, 255, 257, 300, 327, 100, 162, 195, 202, 235, 268, 298, 299, 316, 321, 396, 90, 152, 262, 266, 270, 335, 337, 206, 371, 10, 139, 171, 178, 323, 382, 392, 9, 246, 414, 74, 81, 82, 210, 278, 405, 163, 166, 175, 256, 186, 252, 224, 52, 324, 380, 245, 375, 40, 29, 3, 415, 312, 60, 336], 352: [56, 69, 194, 343, 377, 120, 147, 211, 240, 284, 308, 349, 355, 359, 370, 384, 397, 403, 140, 419, 79, 191, 363, 12, 193, 407, 49, 51, 64, 249, 334, 65, 78, 204, 217, 146, 179, 391, 410, 267, 383, 352, 33, 70, 158, 192, 203, 234, 260, 395, 406, 421, 107, 229, 409, 183, 57, 97, 357, 126, 250, 19, 130], 73: [73, 135, 169, 173, 174, 228, 254, 277, 373, 374, 402, 20, 23, 247, 322, 348, 360, 94, 164, 177, 283, 331, 71, 160, 291, 332, 379, 101, 149, 14, 151, 6, 91, 22, 219, 394, 231, 243, 400, 205, 305, 248, 124, 265, 189, 393, 362], 131: [87, 122, 271, 281, 32, 85, 119, 241, 304, 333, 390, 416, 39, 176, 293, 42, 116, 131, 134, 141, 132, 273, 286, 301, 344, 422, 13, 45, 103, 253, 261, 92, 170, 207, 58, 128, 368, 182, 302, 365, 369, 28, 150, 117, 110, 398, 208, 311, 325, 239, 62, 109, 381, 387, 136, 282], 320: [413, 213, 159, 309, 43, 226, 338, 264, 26, 237, 37, 108, 153, 209, 223, 225, 168, 317, 320], 8: [46, 199, 315, 15, 411, 420, 353, 44, 80, 30, 200, 346, 372, 376, 417, 7, 31, 184, 77, 63, 83, 8, 289, 16], 112: [125, 354, 342, 72, 84, 161, 112, 4, 218, 95]}
RSS for each cluster:
{61: 55.96395259180045, 401: 89.47876408432018, 67: 66.2029929542199, 316: 169.35714532634634, 352: 119.55435220233603, 73: 87.21061566474161, 131: 105.68375089576978, 320: 34.48877577232942, 8: 43.74829017348278, 112: 17.50044430708495}
Point closer to each cluster:
{61: 61, 401: 401, 67: 67, 316: 316, 352: 352, 73: 73, 131: 131, 320: 320, 8: 8, 112: 112}
average RSS:
78.91890839724314
Clustering generated:
{40: [1, 48, 292, 423, 149, 237, 270, 146, 382, 414, 186, 59, 40, 19], 188: [24, 69, 254, 343, 99, 330, 61, 188, 281, 27, 32, 85, 120, 199, 211, 221, 233, 284, 288, 308, 329, 338, 397, 408, 412, 140, 294, 318, 15, 79, 232, 125, 407, 113, 155, 212, 273, 396, 337, 41, 114, 206, 383, 30, 238, 260, 392, 181, 303, 409, 77, 305, 163, 256, 252, 52, 97, 222, 84, 208, 104, 137, 126, 16, 106, 136, 4, 172], 75: [34, 67, 247, 144, 251, 258, 88, 119, 227, 236, 331, 355, 356, 5, 11, 51, 64, 78, 410, 75, 230, 178, 180, 372, 107, 167, 314, 223, 117, 50, 66, 36, 83, 143, 214, 393], 266: [47, 56, 133, 174, 378, 23, 156, 142, 154, 313, 348, 98, 279, 340, 416, 160, 291, 364, 138, 101, 300, 197, 202, 298, 299, 316, 13, 26, 102, 103, 266, 335, 366, 22, 394, 105, 127, 259, 399, 74, 81, 82, 150, 183, 205, 209, 110, 166, 175, 187, 248, 311, 380, 296, 375, 189, 282, 3, 415, 312, 347, 60, 336], 413: [53, 73, 89, 135, 157, 173, 228, 277, 290, 373, 374, 413, 418, 322, 43, 94, 164, 226, 240, 241, 283, 370, 215, 264, 295, 332, 419, 42, 131, 134, 193, 255, 327, 14, 49, 132, 268, 286, 301, 321, 422, 25, 45, 65, 80, 93, 151, 285, 179, 391, 92, 351, 158, 171, 192, 203, 269, 323, 358, 376, 220, 302, 369, 153, 225, 297, 168, 398, 57, 244, 124, 21, 265, 317, 320, 387, 165], 31: [87, 280, 306, 46, 315, 384, 363, 411, 420, 353, 371, 185, 198, 328, 346, 350, 406, 417, 421, 7, 31, 184, 201, 243, 63, 342, 324, 8, 289, 111, 216, 385], 386: [121, 169, 194, 377, 326, 86, 115, 159, 309, 360, 55, 147, 287, 304, 307, 349, 359, 403, 341, 401, 12, 116, 141, 257, 100, 195, 235, 242, 334, 339, 344, 44, 204, 388, 6, 2, 170, 267, 35, 68, 70, 128, 139, 234, 276, 386, 395, 246, 210, 278, 405, 224, 357, 161, 239, 29, 145, 190, 118], 229: [367, 20, 148, 122, 271, 390, 39, 71, 272, 38, 176, 191, 275, 293, 310, 379, 249, 404, 262, 253, 261, 207, 352, 9, 96, 182, 229, 365, 28, 123, 325, 112, 274, 62, 129, 250, 18, 95, 130], 200: [402, 213, 319, 90, 91, 33, 37, 108, 200, 231, 361, 368], 400: [54, 389, 333, 196, 219, 10, 58, 76, 400, 354, 245, 109, 218], 362: [17, 177, 162, 263, 152, 217, 345, 72, 381, 362]}
RSS for each cluster:
{40: 25.039099839524166, 188: 129.5085528519107, 75: 66.72206147811751, 266: 119.26923246823311, 413: 145.63414516574224, 31: 58.56943741681666, 386: 109.7440418588666, 229: 72.9259488515395, 200: 21.038078959950013, 400: 22.303802366304026, 362: 17.240516058834775}
Point closer to each cluster:
{40: 40, 188: 188, 75: 75, 266: 266, 413: 413, 31: 31, 386: 386, 229: 229, 200: 200, 400: 400, 362: 362}
average RSS:
71.6359015741672
Clustering generated:
{39: [1, 47, 53, 69, 73, 89, 133, 135, 157, 173, 174, 254, 277, 367, 373, 374, 378, 413, 20, 23, 148, 247, 54, 122, 271, 258, 360, 32, 98, 241, 284, 333, 384, 390, 39, 71, 264, 272, 294, 295, 332, 364, 15, 176, 379, 131, 134, 255, 49, 202, 301, 26, 80, 90, 93, 262, 253, 261, 219, 351, 207, 352, 394, 58, 108, 128, 203, 231, 399, 182, 229, 302, 369, 82, 278, 405, 110, 186, 84, 325, 124, 189, 387, 216], 205: [24, 56, 228, 177, 291, 101, 300, 45, 103, 266, 37, 365, 81, 150, 183, 205, 66, 245, 312], 233: [34, 87, 121, 194, 343, 377, 402, 99, 86, 115, 159, 188, 309, 17, 48, 55, 211, 221, 233, 236, 287, 370, 408, 79, 401, 125, 257, 327, 100, 162, 235, 316, 334, 344, 65, 102, 285, 337, 114, 170, 267, 383, 185, 10, 35, 68, 70, 139, 180, 200, 234, 361, 395, 421, 77, 153, 209, 210, 168, 342, 72, 97, 239, 137, 29, 109, 172], 163: [67, 226, 412, 273, 91, 206, 260, 376, 181, 163, 165], 256: [169, 326, 142, 43, 85, 119, 120, 240, 283, 288, 308, 356, 359, 416, 140, 215, 232, 275, 5, 12, 42, 319, 407, 14, 51, 195, 197, 249, 268, 339, 396, 6, 391, 30, 127, 171, 192, 323, 382, 314, 223, 354, 166, 175, 256, 398, 224, 324, 357, 36, 248, 311, 265, 19, 218, 385], 7: [280, 290, 46, 144, 156, 213, 61, 251, 322, 27, 94, 164, 199, 304, 307, 315, 349, 355, 397, 292, 341, 411, 420, 423, 132, 155, 212, 25, 151, 146, 22, 41, 92, 371, 198, 269, 328, 346, 350, 358, 406, 7, 31, 107, 184, 243, 303, 409, 28, 117, 63, 50, 83, 296, 8, 126, 40, 129, 320, 111, 118], 274: [306, 418, 154, 279, 340, 138, 38, 363, 263, 298, 204, 237, 366, 238, 368, 9, 246, 252, 187, 123, 208, 274, 289, 95, 145, 190], 60: [330, 293, 141, 299, 44, 335, 345, 388, 259, 276, 220, 297, 104, 112, 16, 62, 250, 136, 3, 415, 60, 336], 147: [281, 147, 329, 403, 160, 419, 193, 404, 422, 270, 2, 386, 392, 417, 96, 74, 244, 59, 161, 380, 106, 214, 18], 381: [313, 149, 11, 242, 286, 353, 13, 152, 105, 52, 375, 381, 347, 362], 4: [348, 191, 310, 113, 321, 217, 57, 21, 4, 130], 372: [389, 88, 227, 331, 338, 318, 116, 64, 196, 78, 179, 410, 75, 230, 33, 158, 178, 372, 76, 167, 201, 400, 414, 225, 305, 222, 143, 317, 282, 393]}
RSS for each cluster:
{39: 157.97719755092072, 205: 34.300149122892876, 233: 125.92991411552379, 163: 19.311421547419545, 256: 105.45696697115848, 7: 114.54771215923765, 274: 48.15677874605183, 60: 40.641317565858245, 147: 42.64550403001942, 381: 24.95964468954478, 4: 17.23552362577382, 372: 55.330460448299576}
Point closer to each cluster:
{39: 39, 205: 205, 233: 233, 163: 163, 256: 256, 7: 7, 274: 274, 60: 60, 147: 147, 381: 381, 4: 4, 372: 372}
average RSS:
65.54104921439173
Clustering generated:
{228: [1, 53, 56, 89, 135, 157, 174, 228, 254, 378, 402, 418, 23, 247, 54, 164, 291, 364, 423, 134, 202, 80, 93, 102, 151, 192, 205, 380], 401: [24, 133, 280, 306, 367, 279, 307, 295, 38, 275, 363, 401, 411, 404, 2, 92, 114, 276, 328, 244, 123, 104, 296, 8, 289, 129, 18, 95, 385, 190], 285: [34, 67, 142, 236, 356, 5, 11, 197, 25, 285, 41, 180, 259, 365, 50, 66, 347], 294: [47, 290, 343, 373, 148, 156, 326, 188, 258, 313, 322, 348, 389, 27, 32, 43, 48, 88, 98, 120, 199, 241, 284, 288, 304, 308, 329, 331, 340, 359, 397, 408, 412, 416, 39, 140, 160, 215, 272, 294, 318, 292, 79, 379, 42, 116, 125, 131, 193, 255, 300, 327, 14, 49, 132, 155, 162, 196, 212, 235, 299, 301, 316, 321, 339, 422, 45, 90, 103, 152, 217, 237, 262, 266, 270, 366, 337, 206, 351, 371, 352, 30, 105, 108, 127, 128, 158, 203, 231, 238, 260, 361, 376, 382, 392, 399, 76, 107, 182, 220, 246, 302, 303, 314, 369, 400, 409, 414, 77, 82, 278, 305, 354, 117, 163, 110, 175, 256, 168, 186, 72, 97, 324, 357, 208, 274, 375, 126, 214, 381, 3, 415, 165, 218, 362, 336, 172, 118], 115: [69, 121, 194, 377, 99, 213, 86, 115, 159, 309, 55, 226, 227, 233, 332, 138, 141, 319, 100, 195, 268, 286, 344, 26, 44, 65, 78, 6, 75, 230, 267, 207, 10, 35, 37, 70, 139, 234, 386, 417, 181, 184, 209, 210, 225, 342, 398, 224, 36, 124, 137, 109, 320], 173: [73, 173, 277, 413, 20, 360, 71, 51, 345, 391, 22, 219, 394, 200, 368, 243, 81, 150, 325, 265, 40, 189, 387], 185: [87, 169, 374, 46, 144, 61, 154, 94, 211, 221, 287, 315, 338, 349, 370, 384, 264, 419, 15, 341, 176, 420, 12, 257, 407, 242, 334, 396, 170, 383, 185, 33, 171, 198, 269, 323, 346, 350, 358, 395, 406, 421, 7, 31, 153, 405, 63, 252, 187, 239, 29, 62, 106, 317, 111, 19], 333: [122, 271, 281, 119, 240, 333, 355, 390, 249, 273, 253, 261, 410, 58, 201, 166, 84, 248, 311, 245, 16, 143, 282, 393], 147: [330, 147, 149, 96, 229, 74, 183], 335: [251, 85, 177, 232, 101, 13, 335, 91, 222, 59, 136, 312, 60], 310: [17, 283, 403, 191, 293, 310, 298, 353, 204, 388, 9, 167, 297, 57, 250, 145], 64: [64, 179, 68, 178, 372, 28, 223, 52, 83, 4], 161: [113, 263, 146, 161, 21, 112, 216, 130]}
RSS for each cluster:
{228: 50.20025305909402, 401: 54.66994618228692, 285: 29.48183972956235, 294: 261.88793371115923, 115: 96.52310534592733, 173: 40.415185232122724, 185: 102.87252230226045, 333: 43.79921100843073, 147: 11.5586032133227, 335: 22.98792322347087, 310: 28.324927228049823, 64: 17.11761871911404, 161: 12.933787531377432}
Point closer to each cluster:
{228: 228, 401: 401, 285: 285, 294: 294, 115: 115, 173: 173, 185: 185, 333: 333, 147: 147, 335: 335, 310: 310, 64: 64, 161: 161}
average RSS:
59.44406588355219
Clustering generated:
{1: [1, 24, 47, 56, 89, 133, 135, 157, 174, 228, 254, 277, 306, 378, 402, 418, 20, 23, 148, 247, 54, 144, 61, 258, 313, 322, 348, 27, 48, 119, 236, 315, 39, 71, 272, 295, 318, 332, 364, 38, 232, 363, 101, 149, 193, 404, 103, 207, 399, 96, 167, 409, 82, 150, 183, 168, 187, 244, 248, 40, 129], 349: [34, 67, 290, 343, 374, 156, 326, 154, 43, 85, 120, 164, 199, 211, 221, 283, 288, 304, 307, 308, 329, 338, 340, 349, 356, 359, 370, 384, 412, 294, 419, 79, 176, 191, 293, 401, 420, 423, 5, 12, 125, 257, 327, 407, 11, 14, 64, 155, 268, 286, 334, 422, 13, 345, 388, 337, 41, 75, 219, 383, 352, 30, 33, 68, 127, 128, 171, 180, 192, 259, 260, 323, 328, 350, 376, 382, 395, 406, 7, 76, 220, 243, 246, 305, 405, 117, 163, 166, 256, 186, 252, 398, 97, 324, 357, 274, 289, 29, 106, 347], 151: [53, 73, 32, 397, 291, 49, 202, 80, 93, 151, 92, 158, 201, 414, 77, 362, 385], 69: [69, 147, 241, 284, 355, 403, 140, 160, 310, 116, 132, 196, 249, 90, 204, 335, 91, 179, 410, 351, 394, 108, 203, 231, 392, 297, 59, 124, 62, 381, 60, 190, 118], 239: [87, 169, 46, 287, 170, 185, 421, 153, 222, 239, 317], 195: [121, 99, 86, 115, 159, 55, 94, 226, 227, 100, 195, 242, 339, 344, 25, 65, 237, 285, 230, 267, 10, 35, 178, 198, 234, 358, 31, 181, 184, 303, 400, 209, 223, 225, 50, 342, 66, 36, 137, 19], 301: [173, 373, 413, 389, 331, 408, 416, 215, 264, 319, 212, 301, 321, 45, 78, 217, 270, 366, 58, 372, 9, 354, 110, 208, 8, 320, 218], 224: [194, 377, 309, 341, 411, 26, 44, 2, 22, 70, 105, 139, 276, 386, 210, 224, 189], 415: [280, 279, 206, 37, 136, 3, 415, 18, 95, 336, 172], 316: [367, 142, 251, 360, 17, 88, 98, 177, 233, 15, 138, 292, 255, 300, 298, 299, 316, 353, 396, 102, 152, 266, 371, 238, 269, 346, 417, 107, 74, 81, 278, 63, 175, 52, 380, 245, 265, 375, 312], 273: [122, 271, 188, 281, 240, 333, 273, 262, 253, 261, 229, 302, 57, 72, 83, 84, 123, 311, 126, 250, 282, 393, 145], 141: [213, 330, 42, 131, 134, 141, 51, 197, 235, 6, 391, 200, 361, 28, 104, 16, 143, 214, 165, 4], 365: [390, 379, 368, 182, 314, 365, 369, 205, 325, 109, 387], 161: [275, 113, 162, 263, 146, 114, 161, 21, 112, 296, 111, 216, 130]}
RSS for each cluster:
{1: 112.57799607836529, 349: 187.64974355239625, 151: 30.202655524371092, 69: 61.13995477749975, 239: 17.727784299926736, 195: 73.0582118269588, 301: 49.58978179450776, 224: 29.815528582864534, 415: 19.170085797273295, 316: 72.9505883103878, 273: 41.55579998667209, 141: 36.27093065216168, 365: 19.06351648078831, 161: 22.549036829232694}
Point closer to each cluster:
{1: 1, 349: 349, 151: 151, 69: 69, 239: 239, 195: 195, 301: 301, 224: 224, 415: 415, 316: 316, 273: 273, 141: 141, 365: 365, 161: 161}
average RSS:
55.23725817810044
Clustering generated:
{254: [1, 89, 135, 157, 228, 254, 402, 148, 247, 154, 188, 27, 88, 98, 147, 199, 329, 333, 272, 364, 38, 420, 423, 410, 105, 372, 201, 57, 84, 123, 248, 289, 111, 145], 45: [24, 343, 85, 120, 64, 155, 196, 404, 13, 45, 335, 399, 205, 222, 375, 214, 317, 347], 252: [34, 87, 169, 367, 418, 326, 211, 221, 236, 287, 288, 304, 308, 338, 349, 359, 370, 403, 412, 294, 419, 138, 5, 12, 141, 257, 407, 11, 51, 263, 268, 273, 334, 44, 204, 270, 179, 41, 170, 383, 352, 185, 30, 127, 171, 323, 350, 376, 395, 76, 82, 405, 297, 252, 398, 97, 324, 274, 29, 106, 136, 282, 3, 336], 202: [47, 53, 56, 174, 290, 306, 374, 378, 23, 54, 251, 348, 43, 48, 279, 315, 384, 291, 295, 292, 79, 275, 363, 401, 14, 132, 202, 235, 80, 93, 102, 103, 151, 152, 217, 266, 68, 192, 269, 417, 303, 314, 414, 305, 168, 8], 182: [67, 413, 20, 144, 271, 389, 32, 390, 39, 71, 318, 379, 131, 134, 49, 253, 261, 75, 92, 371, 207, 58, 328, 96, 107, 167, 182, 229, 243, 302, 365, 369, 409, 77, 83, 311, 325, 16, 109, 18], 149: [69, 177, 284, 340, 160, 215, 232, 42, 101, 116, 149, 193, 319, 327, 162, 26, 90, 91, 351, 203, 231, 260, 392, 406, 354, 40, 143, 381, 362], 189: [73, 173, 280, 373, 330, 360, 241, 307, 332, 341, 286, 321, 345, 366, 391, 2, 259, 225, 117, 163, 187, 59, 21, 245, 62, 189, 385], 195: [121, 194, 377, 46, 99, 156, 61, 86, 115, 142, 159, 258, 309, 55, 94, 164, 226, 233, 283, 356, 397, 408, 176, 411, 100, 195, 242, 339, 344, 25, 65, 285, 6, 267, 10, 35, 70, 139, 178, 180, 198, 234, 238, 358, 386, 31, 181, 184, 220, 153, 209, 210, 223, 256, 50, 342, 66, 224, 357, 36, 239, 137, 19], 74: [133, 15, 255, 300, 298, 299, 316, 78, 114, 206, 276, 28, 74, 183, 244, 380, 415, 312, 172], 219: [277, 322, 191, 197, 22, 219, 394, 400, 63, 186, 104, 296, 393, 216], 9: [122, 281, 240, 140, 293, 310, 249, 301, 353, 396, 262, 346, 9, 110, 175, 52, 208, 126], 108: [213, 313, 227, 331, 355, 212, 422, 337, 230, 33, 108, 128, 158, 200, 361, 7, 124, 320, 118], 112: [17, 416, 125, 388, 421, 72, 161, 112, 250, 60, 4, 218, 95, 130], 237: [119, 113, 237, 37, 382, 246, 278], 265: [264, 146, 368, 81, 150, 166, 265, 129, 387, 165, 190]}
RSS for each cluster:
{254: 61.82703291951899, 45: 32.656132992921975, 252: 119.91765318476078, 202: 85.1902969919198, 182: 73.86966672693654, 149: 53.31417615776896, 189: 49.099402837606966, 195: 117.13409177375085, 74: 34.45792313094315, 219: 24.331776768968275, 9: 32.770896561896194, 108: 34.23527287894643, 112: 25.280567583590514, 237: 11.326233227740351, 265: 19.0306906087266}
Point closer to each cluster:
{254: 254, 45: 45, 252: 252, 202: 202, 182: 182, 149: 149, 189: 189, 195: 195, 74: 74, 219: 219, 9: 9, 108: 108, 112: 112, 237: 237, 265: 265}
average RSS:
51.62945428973309
Clustering generated:
{157: [1, 53, 56, 69, 89, 135, 157, 174, 228, 254, 402, 418, 20, 23, 247, 54, 258, 348, 199, 284, 215, 291, 295, 364, 38, 232, 293, 310, 149, 26, 80, 90, 103, 151, 351, 68, 158, 192, 203, 231, 260, 392, 9, 82, 208], 48: [24, 47, 48, 202, 366, 40, 60], 67: [34, 67, 144, 142, 226, 356, 5, 319, 11, 197, 25, 285, 388, 41, 230, 180, 259, 361, 220, 50, 137, 136, 347], 73: [73, 173, 277, 374, 360, 131, 255, 22, 219, 394, 243, 265, 189], 343: [87, 121, 133, 169, 280, 290, 306, 343, 367, 373, 377, 413, 99, 156, 271, 330, 188, 281, 313, 322, 27, 43, 85, 88, 120, 147, 177, 221, 233, 240, 279, 283, 287, 307, 315, 329, 333, 340, 355, 397, 412, 140, 160, 294, 15, 138, 292, 341, 79, 275, 363, 401, 411, 42, 101, 193, 327, 49, 113, 162, 263, 273, 286, 298, 299, 301, 316, 339, 344, 353, 396, 404, 13, 45, 65, 102, 217, 237, 262, 266, 270, 335, 345, 6, 146, 253, 261, 337, 2, 92, 114, 170, 206, 371, 352, 185, 37, 70, 105, 127, 238, 328, 382, 399, 417, 421, 96, 107, 246, 365, 414, 74, 77, 153, 205, 209, 223, 225, 278, 297, 163, 110, 175, 168, 57, 52, 97, 222, 244, 357, 59, 123, 248, 311, 104, 124, 161, 112, 274, 296, 8, 289, 375, 16, 129, 214, 381, 387, 282, 111, 3, 415, 19, 312, 18, 4, 218, 95, 145, 362, 385], 35: [194, 86, 115, 159, 309, 55, 100, 195, 44, 267, 10, 35, 234, 386, 181, 28, 210, 342, 187, 224], 272: [378, 148, 32, 390, 39, 71, 272, 332, 191, 379, 134, 300, 93, 207, 58, 200, 182, 229, 369, 81, 150, 183, 325, 380], 63: [46, 420, 198, 346, 7, 31, 184, 63, 317], 94: [122, 94, 164, 176, 422, 391, 128, 139, 245, 320, 118], 196: [213, 389, 119, 241, 331, 408, 64, 196, 204, 179, 410, 75, 178, 372, 76, 167, 314, 400, 409, 305, 354, 117, 109, 143, 393], 308: [326, 154, 251, 17, 211, 288, 304, 308, 349, 359, 370, 384, 403, 416, 264, 419, 12, 116, 125, 141, 257, 407, 51, 132, 235, 249, 268, 334, 78, 91, 383, 30, 33, 108, 171, 323, 350, 376, 395, 406, 302, 405, 256, 252, 398, 72, 324, 36, 83, 239, 29, 106, 165, 336], 212: [61, 155, 212, 242, 321, 269, 358, 303, 84, 126], 166: [98, 152, 166], 318: [227, 236, 338, 318, 423, 14, 368, 201, 66], 190: [276, 186, 21, 250, 216, 130, 172, 190], 62: [62]}
RSS for each cluster:
{157: 81.91990510010288, 48: 11.260231158976918, 67: 40.95634992079277, 73: 21.4784569345151, 343: 303.89380044479134, 35: 35.821798981092726, 272: 43.42439922583006, 63: 14.46291592502225, 94: 18.346464921420804, 196: 45.06569588030625, 308: 98.27842999298926, 212: 17.165459727127377, 166: 3.8302140855749, 318: 15.26231847931318, 190: 12.830779842833472, 62: 0.0}
Point closer to each cluster:
{157: 157, 48: 48, 67: 67, 73: 73, 343: 343, 35: 35, 272: 272, 63: 63, 94: 94, 196: 196, 308: 308, 212: 212, 166: 166, 318: 318, 190: 190, 62: 62}
average RSS:
47.74982628879309
Clustering generated:
{1: [1, 24, 47, 53, 56, 89, 133, 135, 157, 174, 228, 254, 378, 402, 20, 23, 148, 247, 54, 348, 48, 315, 39, 215, 272, 291, 295, 364, 38, 176, 191, 232, 363, 379, 116, 202, 80, 93, 103, 151, 82, 183, 187, 40], 121: [34, 67, 69, 73, 121, 173, 194, 277, 290, 343, 367, 373, 377, 413, 46, 122, 271, 326, 330, 142, 159, 188, 281, 309, 360, 17, 27, 32, 43, 88, 98, 120, 147, 177, 199, 221, 226, 227, 233, 236, 283, 329, 333, 338, 340, 349, 390, 397, 403, 408, 416, 71, 140, 160, 264, 294, 318, 332, 138, 292, 79, 293, 310, 411, 42, 101, 131, 134, 149, 193, 255, 319, 327, 11, 49, 51, 100, 113, 132, 162, 197, 235, 263, 273, 298, 301, 316, 321, 396, 404, 25, 26, 44, 45, 65, 78, 102, 152, 237, 262, 266, 270, 335, 345, 388, 6, 91, 146, 253, 261, 337, 391, 22, 114, 219, 230, 207, 352, 394, 33, 35, 37, 105, 139, 158, 180, 238, 259, 346, 361, 382, 399, 406, 417, 7, 9, 107, 181, 182, 201, 229, 246, 302, 365, 409, 414, 28, 74, 77, 150, 205, 209, 210, 223, 225, 278, 405, 297, 117, 163, 110, 63, 175, 256, 50, 168, 186, 252, 342, 398, 66, 224, 57, 52, 72, 97, 244, 324, 36, 208, 248, 311, 380, 245, 274, 8, 137, 375, 16, 62, 129, 143, 189, 250, 320, 381, 136, 3, 19, 312, 347, 216, 165, 60, 4, 218, 362, 130], 239: [87, 169, 287, 170, 185, 421, 369, 153, 239, 317], 280: [280, 306, 374, 251, 279, 307, 15, 275, 401, 14, 286, 217, 206, 357, 84, 104, 21, 296, 415, 95, 145, 190], 419: [418, 154, 94, 164, 288, 308, 359, 384, 419, 407, 268, 299, 334, 422, 30, 323, 350, 376, 395, 59, 325, 161, 265, 106, 118], 267: [99, 356, 5, 195, 344, 285, 41, 267, 10, 127, 198, 368], 303: [144, 156, 61, 155, 212, 242, 339, 269, 276, 358, 303, 214], 213: [213, 119, 355, 141, 108, 83, 393], 86: [86, 115, 55, 85, 70, 200, 234, 386, 81, 172], 68: [258, 341, 68, 385], 313: [313, 284, 125, 300, 13, 90, 366, 351, 203, 231, 392, 166, 123, 124], 328: [322, 420, 423, 92, 371, 58, 328, 31, 96, 243, 112, 126, 387], 196: [389, 241, 331, 64, 196, 249, 204, 179, 410, 75, 178, 372, 76, 167, 314, 400, 305, 354, 109, 282], 383: [211, 304, 370, 12, 257, 383, 128, 171, 192, 184, 29], 220: [240, 353, 220], 412: [412, 260], 18: [2, 222, 289, 111, 18, 336]}
RSS for each cluster:
{1: 79.65678797444278, 121: 392.23571869067604, 239: 15.783833118039043, 280: 40.02428799112466, 419: 44.669618395902226, 267: 20.021798542936274, 303: 19.676706778911022, 213: 11.132638794800481, 86: 16.37801715155058, 68: 5.689907123690742, 313: 24.743546571658072, 328: 22.250676102805347, 196: 35.56069637994843, 383: 18.262867147820774, 220: 3.8504387176988524, 412: 1.9446026363992865, 18: 9.386865171161798}
Point closer to each cluster:
{1: 1, 121: 121, 239: 239, 280: 280, 419: 419, 267: 267, 303: 303, 213: 213, 86: 86, 68: 68, 313: 313, 328: 328, 196: 196, 383: 383, 220: 220, 412: 412, 18: 18}
average RSS:
44.780529840562735
Clustering generated:
{54: [1, 47, 53, 89, 135, 157, 174, 228, 254, 367, 378, 402, 23, 247, 54, 258, 348, 48, 397, 408, 160, 215, 272, 291, 232, 300, 202, 316, 396, 80, 90, 93, 151, 146, 108, 260, 392, 421, 314, 354, 380, 21, 62, 129, 320, 381, 415], 45: [24, 120, 101, 13, 45, 335, 399, 205, 187, 222], 34: [34, 67, 144, 142, 17, 236, 356, 5, 319, 11, 197, 25, 285, 388, 41, 75, 33, 180, 259, 167, 303, 414, 50, 66, 347, 218], 82: [56, 27, 338, 420, 102, 114, 206, 82, 84], 132: [69, 287, 116, 132, 249, 37, 72, 239, 136], 377: [73, 121, 290, 343, 374, 377, 99, 156, 326, 86, 115, 188, 43, 55, 88, 177, 226, 233, 241, 331, 412, 294, 318, 138, 327, 14, 64, 155, 162, 196, 344, 404, 44, 237, 266, 6, 91, 391, 2, 267, 371, 352, 394, 70, 200, 276, 386, 96, 409, 28, 77, 209, 225, 305, 405, 163, 166, 175, 97, 324, 36, 59, 265, 40, 214, 4, 362], 131: [87, 390, 416, 42, 131, 141, 301, 353, 92, 207, 365, 117, 398, 244, 325, 282, 3], 332: [133, 173, 277, 373, 413, 251, 322, 360, 332, 364, 134, 255, 286, 321, 270, 22, 219, 107, 150, 189, 387], 419: [169, 418, 154, 94, 164, 288, 304, 308, 359, 370, 384, 419, 257, 268, 299, 334, 383, 30, 128, 323, 350, 376, 395, 406, 223, 161, 19, 118], 194: [194, 159, 309, 221, 355, 140, 100, 235, 422, 26, 65, 230, 10, 35, 139, 234, 181, 246, 210, 278, 256, 168, 342, 224, 245, 137], 271: [280, 122, 213, 271, 281, 32, 98, 119, 147, 199, 240, 333, 403, 264, 295, 38, 79, 379, 49, 113, 212, 263, 273, 217, 262, 366, 179, 253, 261, 337, 410, 328, 372, 382, 9, 76, 182, 184, 201, 302, 74, 183, 110, 186, 357, 83, 208, 248, 311, 112, 274, 143, 393, 312, 95, 145, 336], 341: [306, 46, 330, 227, 279, 307, 315, 329, 15, 292, 341, 275, 401, 411, 345, 68, 105, 158, 178, 192, 346, 417, 104, 296, 8, 289, 111, 18, 216, 385, 130, 172, 190], 58: [20, 148, 389, 39, 71, 423, 103, 58, 368, 229, 369, 400], 198: [61, 340, 195, 242, 339, 78, 127, 198, 238, 269, 358, 361, 7, 31, 63, 126, 109], 203: [313, 284, 149, 193, 351, 203, 231, 243, 81, 124], 29: [85, 211, 349, 12, 407, 51, 170, 185, 171, 153, 252, 375, 29, 106], 297: [283, 293, 310, 125, 298, 204, 220, 297, 57, 52, 123, 16, 250, 60], 176: [176, 191, 363, 152, 317, 165]}
RSS for each cluster:
{54: 86.7435835218548, 45: 17.129533068327408, 34: 45.97328306796179, 82: 15.232401936055115, 132: 15.225066712725418, 377: 124.91622664629737, 131: 30.49971351980452, 332: 37.995468554951294, 419: 49.907847630439036, 194: 46.64400461627849, 271: 106.04626235058053, 341: 60.510307345100294, 58: 19.9853229099244, 198: 30.425677023981237, 203: 16.59302704756593, 29: 24.157971825231733, 297: 24.33496291572617, 176: 9.634951293799272}
Point closer to each cluster:
{54: 54, 45: 45, 34: 34, 82: 82, 132: 132, 377: 377, 131: 131, 332: 332, 419: 419, 194: 194, 271: 271, 341: 341, 58: 58, 198: 198, 203: 203, 29: 29, 297: 297, 176: 176}
average RSS:
42.33086733258915
Clustering generated:
{133: [1, 24, 56, 73, 89, 133, 135, 173, 228, 254, 277, 378, 402, 148, 247, 54, 61, 39, 291, 318, 364, 138, 38, 300, 11, 339, 80, 102, 103, 151, 22, 219, 185, 220, 82, 150, 183, 354, 357, 248, 239, 29, 129, 312], 280: [34, 87, 280, 306, 343, 367, 156, 48, 98, 211, 221, 279, 315, 403, 215, 294, 15, 310, 14, 113, 286, 217, 206, 383, 352, 128, 178, 382, 153, 297, 52, 72, 62, 415, 165, 60, 218, 190], 296: [47, 157, 290, 374, 23, 144, 199, 287, 307, 329, 416, 295, 341, 275, 363, 401, 5, 162, 197, 353, 78, 345, 68, 417, 96, 50, 186, 57, 244, 104, 161, 21, 296, 289, 111, 19, 18, 216, 145, 385, 172], 124: [53, 69, 174, 313, 348, 284, 132, 422, 90, 203, 231, 260, 76, 124], 101: [67, 142, 251, 177, 160, 232, 42, 101, 116, 125, 149, 193, 319, 407, 49, 45, 93, 335, 91, 351, 392, 399, 205, 66, 16, 381, 136, 362], 139: [121, 194, 377, 86, 115, 159, 188, 309, 43, 55, 94, 226, 233, 379, 100, 195, 242, 285, 35, 70, 139, 234, 386, 181, 210, 163, 342, 224, 36], 243: [169, 46, 322, 237, 2, 371, 394, 328, 31, 243, 409], 332: [373, 413, 360, 389, 283, 264, 272, 332, 176, 423, 134, 141, 255, 327, 202, 321, 404, 270, 391, 58, 358, 107, 414, 77, 223, 398], 274: [418, 154, 51, 263, 299, 13, 366, 238, 276, 314, 252, 123, 274], 207: [20, 32, 390, 71, 131, 207, 200, 368, 182, 229, 365, 369, 110, 325, 265, 189], 225: [99, 164, 236, 241, 408, 140, 344, 26, 146, 410, 75, 267, 303, 400, 225, 168, 245, 137, 40, 109, 320, 387], 281: [122, 271, 330, 281, 240, 333, 293, 64, 196, 249, 273, 301, 396, 152, 204, 262, 388, 179, 253, 261, 105, 302, 166, 175, 59, 83, 84, 208, 311, 143, 282, 393], 230: [213, 258, 27, 88, 227, 338, 355, 292, 79, 411, 6, 337, 41, 114, 230, 33, 37, 108, 158, 259, 269, 361, 372, 167, 117, 347], 288: [326, 288, 304, 308, 349, 359, 370, 384, 419, 12, 257, 155, 268, 334, 30, 127, 171, 323, 350, 376, 395, 406, 405, 256, 324, 106, 118], 95: [17, 191, 28, 187, 112, 250, 4, 95, 130], 380: [85, 119, 147, 331, 412, 298, 316, 266, 421, 9, 246, 74, 81, 278, 305, 97, 380, 375, 3], 126: [120, 340, 397, 212, 180, 126, 214, 336], 44: [356, 235, 44, 65, 10, 209, 222], 63: [420, 25, 92, 170, 192, 198, 346, 7, 184, 201, 63, 8, 317]}
RSS for each cluster:
{133: 81.4136115580375, 280: 70.88148433711365, 296: 75.59627110492586, 124: 24.214763143231195, 101: 51.425391439124, 139: 52.11081013356221, 243: 18.535437885569028, 332: 47.79419254382428, 274: 22.915457672219407, 207: 28.274058548321996, 225: 39.61339733160883, 281: 58.35060775881948, 230: 47.42014784995002, 288: 48.73672206253522, 95: 15.383021057037702, 380: 34.467322030583254, 126: 13.276300993984123, 44: 11.438671004632509, 63: 22.285768913643036}
Point closer to each cluster:
{133: 133, 280: 280, 296: 296, 124: 124, 101: 101, 139: 139, 243: 243, 332: 332, 274: 274, 207: 207, 225: 225, 281: 281, 230: 230, 288: 288, 95: 95, 380: 380, 126: 126, 44: 44, 63: 63}
average RSS:
40.21754933519596
Clustering generated:
{82: [1, 24, 56, 89, 254, 247, 348, 315, 291, 232, 102, 114, 206, 82], 233: [34, 86, 188, 48, 55, 120, 233, 292, 235, 65, 179, 267, 70, 180, 198, 323, 168, 342, 60], 307: [47, 280, 290, 343, 271, 389, 27, 85, 279, 307, 272, 295, 15, 138, 341, 79, 191, 275, 310, 64, 113, 162, 78, 152, 217, 270, 345, 146, 253, 352, 394, 68, 178, 192, 238, 276, 382, 417, 246, 414, 110, 186, 187, 57, 72, 244, 248, 104, 112, 296, 289, 381, 111, 216, 95, 145, 385, 130], 373: [53, 73, 173, 174, 277, 373, 413, 20, 32, 331, 39, 71, 160, 215, 264, 332, 176, 42, 193, 300, 301, 103, 266, 391, 219, 351, 58, 369, 205, 278, 297, 62, 189, 320, 387], 319: [67, 213, 142, 119, 227, 356, 416, 318, 101, 116, 131, 141, 319, 11, 51, 197, 249, 268, 13, 151, 285, 388, 41, 33, 200, 361, 399, 220, 354, 163, 256, 66, 347], 392: [69, 283, 284, 149, 90, 91, 231, 260, 392], 170: [87, 135, 169, 374, 23, 211, 221, 236, 304, 338, 349, 359, 364, 5, 12, 327, 170, 383, 185, 171, 350, 376, 406, 421, 405, 239, 3, 165], 210: [121, 377, 144, 309, 195, 26, 35, 234, 386, 210, 224, 317], 255: [133, 251, 360, 177, 226, 134, 255, 14, 202, 286, 321, 80, 93, 366, 22, 158, 368, 28, 74, 183, 175, 208, 161, 380, 362], 367: [157, 228, 306, 367, 378, 402, 418, 54, 122, 330, 17, 98, 240, 329, 38, 379, 401, 49, 263, 298, 316, 404, 204, 261, 92, 96, 229, 50, 97, 357, 83, 123, 21, 274, 143, 415, 218, 172, 190], 139: [194, 115, 159, 43, 100, 44, 230, 10, 37, 139, 181, 209, 225, 137, 40], 243: [148, 46, 322, 390, 237, 2, 371, 207, 108, 203, 328, 31, 182, 243, 400, 81, 150, 325, 124, 245, 265, 129], 287: [99, 287, 132, 344, 105, 201, 52, 16, 336], 212: [156, 61, 340, 155, 212, 242, 339, 262, 127, 269, 358, 302, 303, 84, 311, 126, 282], 94: [326, 94, 164, 333, 370, 419, 334, 422, 128, 395, 77, 223, 166, 118], 106: [154, 288, 308, 257, 407, 299, 353, 25, 30, 252, 59, 29, 106], 408: [258, 281, 313, 88, 147, 241, 355, 397, 403, 408, 140, 294, 293, 363, 423, 196, 273, 396, 337, 410, 75, 259, 372, 9, 76, 107, 167, 314, 365, 409, 305, 117, 398, 36, 375, 109, 214, 250, 393], 346: [199, 411, 420, 346, 7, 184, 63, 8, 19, 4], 153: [384, 6, 153, 312], 222: [412, 125, 45, 335, 222, 324, 136, 18]}
RSS for each cluster:
{82: 24.613169766078627, 233: 34.11249737951349, 307: 108.25789068491981, 373: 64.15867777817829, 319: 60.96278292278845, 392: 15.276598194602622, 170: 49.662334786063575, 210: 20.007113117496996, 255: 45.95583719200358, 367: 72.7349713575992, 139: 25.927510726326208, 243: 39.50291127570399, 287: 15.401761645568008, 212: 30.635846087633546, 94: 23.821915592740403, 106: 22.937592832187597, 408: 71.66460917368772, 346: 16.637045972743277, 153: 5.737726332734052, 222: 13.361998044659304}
Point closer to each cluster:
{82: 82, 233: 233, 307: 307, 373: 373, 319: 319, 392: 392, 170: 170, 210: 210, 255: 255, 367: 367, 139: 139, 243: 243, 287: 287, 212: 212, 94: 94, 106: 106, 408: 408, 346: 346, 153: 153, 222: 222}
average RSS:
38.06853954316145
Clustering generated:
{247: [1, 89, 135, 157, 228, 254, 306, 402, 23, 247, 54, 364, 138, 38, 310, 363, 80, 151, 201, 82, 186], 205: [24, 56, 378, 177, 101, 300, 45, 103, 266, 150, 183, 205], 334: [34, 47, 87, 194, 343, 377, 326, 154, 309, 211, 221, 233, 283, 287, 315, 333, 349, 356, 359, 370, 384, 403, 419, 292, 327, 407, 14, 100, 132, 235, 298, 334, 344, 25, 93, 217, 270, 6, 91, 41, 170, 383, 352, 185, 35, 70, 171, 192, 328, 350, 376, 386, 395, 399, 406, 421, 246, 77, 50, 252, 342, 398, 57, 52, 97, 415, 18, 145], 71: [53, 121, 418, 20, 148, 86, 32, 48, 39, 71, 272, 176, 379, 134, 299, 237, 206, 371, 37, 58, 9, 182, 229, 365, 278, 129], 417: [67, 258, 227, 412, 318, 341, 411, 353, 417, 31, 414, 8, 111, 385], 308: [69, 169, 99, 142, 188, 251, 17, 27, 55, 88, 288, 304, 308, 416, 294, 5, 12, 116, 257, 319, 11, 51, 249, 268, 78, 388, 267, 30, 127, 178, 259, 323, 382, 153, 405, 256, 66, 222, 324, 104, 239, 126, 40, 29, 106, 3, 165, 336], 277: [73, 133, 173, 277, 374, 115, 360, 284, 307, 397, 160, 15, 79, 125, 255, 49, 197, 335, 345, 366, 391, 22, 114, 219, 394, 105, 28, 187, 265, 62, 189, 136, 312], 26: [174, 144, 159, 348, 140, 42, 149, 195, 202, 26, 44, 65, 90, 102, 10, 139, 231, 234, 181, 209, 210, 225, 168, 224, 124, 245], 21: [280, 367, 279, 329, 275, 401, 113, 162, 146, 2, 276, 392, 96, 161, 21, 274, 296, 289, 216, 4, 95, 130, 172, 190], 413: [290, 373, 413, 322, 43, 147, 226, 215, 264, 295, 332, 286, 301, 321, 285, 179, 92, 351, 220, 244, 320], 346: [46, 199, 232, 420, 346, 7, 184, 63, 19], 281: [122, 271, 281, 240, 355, 293, 64, 263, 273, 152, 204, 253, 261, 337, 260, 302, 166, 59, 83, 84, 311, 112, 16, 143, 250, 393], 61: [156, 61, 340, 155, 212, 242, 339, 68, 198, 238, 269, 358, 303, 297, 36, 317], 213: [213, 119, 141, 410, 230, 108, 223], 330: [330, 404, 123, 60], 262: [313, 98, 191, 193, 316, 396, 262, 110, 175, 72, 208, 248, 214, 282], 76: [389, 120, 236, 241, 331, 338, 408, 196, 158, 180, 372, 76, 107, 167, 314, 400, 409, 305, 354, 117, 357, 109, 347, 218], 375: [85, 291, 13, 74, 163, 380, 137, 375, 381, 362], 422: [94, 164, 423, 422, 75, 128, 118], 325: [390, 131, 207, 203, 368, 243, 369, 81, 325, 387], 200: [33, 200, 361]}
RSS for each cluster:
{247: 37.025248207808914, 205: 20.743712284303978, 334: 125.85953996582855, 71: 46.98879018729073, 417: 24.61361108473738, 308: 88.25501823067385, 277: 59.19324032353697, 26: 47.12022274474426, 21: 43.1862012020429, 413: 37.47374008180689, 346: 14.74332801911419, 281: 46.78821746319656, 61: 26.876600802942026, 213: 11.169010469092678, 330: 5.783543083628496, 262: 24.920736741510648, 76: 42.88367593890137, 375: 17.170421386951762, 422: 10.777720227093342, 325: 16.666811990723193, 200: 3.6009911828386203}
Point closer to each cluster:
{247: 247, 205: 205, 334: 334, 71: 71, 417: 417, 308: 308, 277: 277, 26: 26, 21: 21, 413: 413, 346: 346, 281: 281, 61: 61, 213: 213, 330: 330, 262: 262, 76: 76, 375: 375, 422: 422, 325: 325, 200: 200}
average RSS:
35.80192293422701
Clustering generated:
{349: [1, 47, 69, 87, 169, 173, 254, 280, 290, 306, 343, 367, 374, 23, 99, 122, 271, 154, 188, 313, 348, 48, 199, 211, 221, 279, 284, 287, 333, 340, 349, 359, 403, 412, 39, 294, 295, 176, 191, 275, 293, 401, 423, 12, 407, 11, 14, 64, 263, 344, 13, 65, 90, 261, 170, 219, 383, 185, 30, 127, 231, 260, 328, 350, 395, 76, 414, 305, 405, 117, 110, 175, 186, 252, 97, 311, 161, 274, 29, 106, 189, 136, 190], 74: [24, 53, 56, 133, 119, 291, 138, 255, 300, 298, 299, 316, 103, 266, 114, 206, 203, 9, 28, 74, 81, 183, 380, 415, 312], 142: [34, 67, 89, 373, 402, 54, 142, 120, 356, 408, 292, 379, 5, 101, 132, 321, 25, 285, 335, 41, 58, 180, 198, 50, 66, 40, 143, 347], 327: [73, 135, 277, 378, 413, 360, 389, 32, 43, 177, 233, 241, 307, 331, 390, 71, 160, 264, 272, 332, 42, 116, 125, 149, 193, 327, 196, 396, 404, 45, 78, 93, 75, 92, 351, 371, 207, 96, 107, 182, 365, 205, 223, 278, 222, 248, 325, 104, 245, 320], 234: [121, 174, 194, 377, 86, 115, 159, 309, 55, 140, 232, 100, 195, 26, 44, 267, 10, 35, 70, 139, 234, 386, 246, 210, 342, 224, 36, 137], 184: [157, 46, 322, 364, 420, 346, 7, 184, 243, 63], 421: [228, 384, 49, 37, 406, 421, 57, 112, 239, 393, 111], 192: [418, 20, 148, 329, 341, 51, 301, 151, 105, 158, 192, 238, 392, 82, 187, 216], 303: [247, 144, 156, 61, 155, 202, 212, 242, 339, 269, 276, 358, 220, 303, 84, 126, 109, 214], 227: [213, 258, 27, 88, 227, 236, 338, 355, 215, 318, 79, 217, 179, 337, 410, 230, 108, 259, 361, 372, 382, 399, 167, 400, 209, 225, 168, 62], 257: [326, 85, 288, 304, 308, 370, 419, 257, 268, 334, 262, 6, 171, 323, 376, 181, 153, 354, 163, 324, 208, 265], 330: [330, 147, 113, 146, 2, 123, 21, 282, 60, 130], 398: [251, 131, 77, 398, 129], 388: [281, 226, 283, 416, 38, 310, 102, 204, 270, 388, 253, 368, 201, 314, 297, 52, 59, 16, 250, 4, 218], 336: [17, 124, 3, 18, 95, 336], 128: [94, 164, 397, 422, 391, 68, 128, 166, 118], 72: [98, 240, 162, 273, 152, 345, 302, 72, 362], 8: [315, 15, 363, 411, 353, 80, 200, 417, 31, 8, 289], 286: [134, 141, 249, 286, 237, 366, 91, 22, 394, 229, 369, 150, 357, 83, 375, 381, 387], 197: [319, 197, 235, 33, 178, 256], 19: [352, 409, 244, 296, 19, 145, 385], 317: [317, 165, 172]}
RSS for each cluster:
{349: 156.03848407649141, 74: 45.8384059721417, 142: 51.005504121364645, 327: 94.25743850923651, 234: 50.207604391206004, 184: 16.02212777964973, 421: 18.842478887624768, 192: 28.46006264435123, 303: 31.26315992479427, 227: 50.89970189223747, 257: 38.34973155878408, 330: 17.337563942451947, 398: 7.4658899659807165, 388: 38.422082320078445, 336: 9.659048583892083, 128: 14.454949859271032, 72: 15.253387753959375, 8: 18.775972276798065, 286: 30.794828317706372, 197: 9.462358552586599, 19: 11.350008610834697, 317: 3.8773715695915865}
Point closer to each cluster:
{349: 349, 74: 74, 142: 142, 327: 327, 234: 234, 184: 184, 421: 421, 192: 192, 303: 303, 227: 227, 257: 257, 330: 330, 398: 398, 388: 388, 336: 336, 128: 128, 72: 72, 8: 8, 286: 286, 197: 197, 19: 19, 317: 317}
average RSS:
34.456280068683306
Clustering generated:
{254: [1, 53, 89, 133, 135, 157, 174, 228, 254, 402, 148, 247, 54, 154, 315, 272, 295, 364, 38, 420, 423, 185, 201, 303, 248], 138: [24, 27, 138, 191, 407, 298, 344, 102, 91, 246, 74, 82, 278, 252, 342, 136, 60, 95], 67: [34, 67, 17, 329, 319, 197, 285, 180, 259, 361, 417, 50], 271: [47, 56, 69, 169, 173, 290, 306, 413, 144, 271, 360, 98, 147, 240, 283, 307, 333, 359, 370, 39, 71, 264, 291, 332, 176, 293, 310, 379, 255, 113, 263, 286, 334, 152, 204, 237, 261, 337, 352, 30, 58, 323, 328, 346, 382, 9, 167, 229, 243, 414, 183, 297, 110, 357, 83, 311, 112, 274, 129, 250, 387, 393, 312, 4], 32: [73, 277, 367, 373, 378, 418, 20, 23, 188, 313, 32, 43, 48, 211, 221, 384, 390, 160, 294, 79, 401, 131, 134, 193, 300, 327, 49, 202, 404, 80, 93, 103, 151, 266, 335, 345, 92, 371, 207, 107, 182, 369, 409, 150, 405, 175, 72, 97, 84, 124, 265], 238: [87, 343, 46, 156, 61, 251, 416, 155, 242, 316, 339, 396, 270, 192, 198, 238, 269, 358, 77, 398, 244], 86: [121, 194, 377, 86, 115, 159, 258, 55, 85, 233, 284, 100, 195, 230, 267, 10, 35, 70, 200, 386, 7, 184, 314, 81, 209, 296, 16], 15: [280, 279, 215, 15, 275, 411, 299, 353, 220, 59, 123, 239, 8, 111, 3, 415, 385, 130], 232: [374, 348, 232, 363, 101, 212, 321, 350, 392, 406, 223, 126], 181: [99, 12, 42, 257, 139, 181, 225, 36, 29], 122: [122, 330, 281, 340, 349, 403, 273, 262, 146, 253, 105, 421, 302, 365, 57, 208, 325, 282, 336], 410: [213, 88, 227, 241, 355, 64, 249, 78, 217, 179, 410, 33, 158, 372, 28, 143], 222: [326, 125, 127, 222, 324, 18], 142: [142, 236, 308, 356, 408, 292, 5, 11, 132, 25, 388, 41, 170, 63, 66, 106, 320, 19, 347], 224: [309, 341, 26, 22, 351, 394, 203, 234, 210, 224, 189], 331: [322, 389, 119, 331, 338, 196, 301, 75, 31, 76, 400, 305, 354, 117, 380, 218], 128: [94, 164, 287, 304, 419, 149, 268, 422, 391, 383, 68, 108, 128, 376, 395, 166, 118], 45: [120, 116, 13, 45, 399, 205, 52, 62, 317], 65: [177, 199, 226, 397, 140, 318, 14, 235, 44, 65, 178, 260, 368, 168, 245, 137, 214], 186: [288, 162, 2, 114, 219, 231, 276, 186, 161, 289, 40, 216, 145, 362, 190], 163: [412, 51, 206, 163, 375, 381, 165], 6: [141, 6, 37, 171, 153, 256, 109], 172: [90, 366, 96, 187, 104, 21, 172]}
RSS for each cluster:
{254: 44.11426434718797, 138: 32.42759577533651, 67: 20.40269105723388, 271: 119.53614572574375, 32: 94.86405359752428, 238: 38.12617852199367, 86: 47.94382681724564, 15: 32.47663076606142, 232: 21.11169408960918, 181: 15.013473568200759, 122: 33.789719677743214, 410: 28.323095857312598, 222: 9.462161314199927, 142: 33.8597224974859, 224: 18.61273989647878, 331: 28.477279510356528, 128: 29.723023126989183, 45: 15.265995556415493, 65: 30.568125697543294, 186: 26.511790492901472, 163: 11.573562270606745, 6: 11.255363097767622, 172: 11.449316817388503}
Point closer to each cluster:
{254: 254, 138: 138, 67: 67, 271: 271, 32: 32, 238: 238, 86: 86, 15: 15, 232: 232, 181: 181, 122: 122, 410: 410, 222: 222, 142: 142, 224: 224, 331: 331, 128: 128, 45: 45, 65: 65, 186: 186, 163: 163, 6: 6, 172: 172}
average RSS:
32.82123695997071
Clustering generated:
{1: [1, 47, 53, 56, 89, 133, 135, 157, 174, 228, 254, 378, 402, 23, 148, 247, 54, 258, 348, 48, 315, 340, 215, 272, 291, 295, 364, 38, 363, 202, 242, 103, 151, 2, 82, 183, 117, 110, 84, 248, 40], 277: [24, 73, 169, 173, 277, 343, 373, 374, 360, 94, 147, 264, 345, 366, 391, 22, 114, 170, 219, 394, 238, 150, 405, 398, 187, 245, 265, 62, 189, 312, 118], 236: [34, 67, 156, 142, 43, 233, 236, 338, 318, 5, 327, 11, 132, 197, 339, 25, 270, 285, 41, 185, 33, 37, 180, 200, 361, 400, 209, 168, 252, 66, 320, 347, 18, 165], 204: [69, 122, 240, 403, 176, 191, 293, 310, 263, 298, 152, 204, 388, 253, 105, 178, 220, 303, 297, 186, 57, 72, 274, 250, 282, 4, 95], 35: [87, 251, 309, 55, 120, 235, 396, 44, 35, 153], 234: [121, 194, 377, 86, 115, 159, 140, 100, 70, 139, 192, 234, 386, 181, 210, 224, 36], 367: [280, 290, 306, 367, 418, 17, 221, 279, 307, 329, 341, 401, 404, 382, 417, 96, 50, 222, 123, 104, 296, 8, 289, 126, 111, 415, 218, 145, 385, 172, 190], 182: [413, 20, 271, 32, 390, 39, 71, 379, 131, 49, 45, 261, 92, 207, 58, 107, 182, 229, 302, 365, 369, 409, 77, 244, 325, 109], 322: [46, 322, 397, 420, 422, 371, 198, 328, 421, 7, 31, 184, 243, 225, 63], 344: [99, 226, 287, 356, 412, 195, 344, 65, 237, 267, 10, 137, 216], 354: [144, 331, 416, 319, 346, 76, 314, 414, 305, 354, 256, 357, 129], 83: [213, 281, 119, 333, 141, 64, 273, 75, 59, 83, 208, 380, 393], 30: [326, 154, 211, 288, 304, 308, 349, 359, 370, 384, 419, 12, 257, 407, 268, 334, 383, 30, 171, 323, 350, 376, 395, 97, 29, 106, 214, 19], 146: [330, 275, 113, 162, 146, 352, 161, 21, 130], 313: [61, 313, 98, 284, 408, 294, 423, 125, 300, 90, 262, 266, 335, 203, 231, 166, 124], 321: [188, 160, 232, 155, 212, 301, 321, 399, 175, 52, 311, 136], 410: [389, 241, 355, 196, 249, 78, 217, 179, 410, 372, 406, 28, 143, 317], 230: [27, 88, 227, 292, 79, 411, 6, 337, 230, 68, 108, 158, 259, 269, 167], 375: [85, 199, 13, 127, 205, 163, 375, 381, 362], 342: [164, 138, 358, 246, 278, 342, 324, 112], 149: [177, 42, 101, 116, 149, 193, 26, 93, 351, 128, 260], 392: [283, 91, 392], 134: [332, 134, 255, 14, 286, 80, 276, 368, 9, 81, 223, 387], 299: [15, 51, 299, 316, 353, 102, 206, 201, 74, 239, 16, 3, 60, 336]}
RSS for each cluster:
{1: 74.1065199147196, 277: 55.21356314680025, 236: 62.5336553204029, 204: 49.41280193692017, 35: 17.095895063410158, 234: 29.402726620800212, 367: 57.265078963378954, 182: 46.81078230191535, 322: 25.805800776964126, 344: 22.111896232087783, 354: 22.91523489554334, 83: 22.77145640209844, 30: 50.93534983257938, 146: 14.581591727644874, 313: 30.45303868658923, 321: 20.978464117590313, 410: 24.602811210185287, 230: 26.30080536661883, 375: 15.232767145342208, 342: 13.47265589724991, 149: 18.630021982103983, 392: 3.812872866607403, 134: 20.95885664429276, 299: 24.962048904261337}
Point closer to each cluster:
{1: 1, 277: 277, 236: 236, 204: 204, 35: 35, 234: 234, 367: 367, 182: 182, 322: 322, 344: 344, 354: 354, 83: 83, 30: 30, 146: 146, 313: 313, 321: 321, 410: 410, 230: 230, 375: 375, 342: 342, 149: 149, 392: 392, 134: 134, 299: 299}
average RSS:
31.265278998171127
Clustering generated:
{20: [1, 47, 53, 56, 73, 173, 373, 20, 148, 247, 271, 348, 32, 43, 147, 39, 71, 264, 272, 332, 293, 310, 134, 202, 301, 321, 396, 151, 253, 261, 22, 219, 394, 58, 182, 229, 400, 248, 311, 317, 136], 24: [24, 133, 138, 45, 77, 205, 375, 312], 66: [34, 144, 27, 41, 75, 107, 167, 201, 50, 66, 84, 143, 347], 319: [67, 142, 17, 88, 241, 356, 408, 416, 101, 319, 197, 422, 13, 388, 391, 108, 200, 361, 399, 220, 314, 163, 256, 16], 90: [69, 23, 54, 313, 284, 215, 291, 116, 132, 249, 90, 91, 146, 351, 178, 231, 260, 328, 392, 414, 124, 172], 349: [87, 169, 343, 326, 188, 281, 221, 287, 288, 308, 333, 340, 349, 412, 294, 176, 423, 5, 12, 257, 407, 11, 235, 268, 286, 25, 345, 337, 170, 352, 185, 30, 33, 127, 323, 376, 382, 406, 7, 405, 166, 186, 252, 398, 97, 357, 239, 274, 29, 106, 214, 381], 295: [89, 135, 157, 174, 228, 254, 290, 306, 367, 378, 402, 413, 46, 48, 279, 307, 315, 295, 38, 79, 232, 363, 411, 299, 102, 346, 63, 8, 95, 362], 115: [121, 194, 277, 377, 99, 86, 115, 159, 251, 309, 360, 55, 120, 226, 233, 141, 327, 100, 162, 195, 344, 26, 44, 217, 6, 267, 10, 35, 37, 70, 139, 386, 417, 181, 409, 209, 278, 342, 36, 137, 40, 218], 111: [280, 374, 199, 15, 275, 68, 421, 222, 104, 161, 296, 289, 111, 18, 216, 145, 385], 419: [418, 154, 94, 164, 359, 384, 419, 334, 350, 395, 59, 19, 118], 390: [122, 390, 379, 131, 237, 203, 243, 365, 369, 81, 150, 153, 325, 112, 282, 165], 339: [156, 61, 155, 212, 242, 339, 180, 198, 238, 269, 358, 31, 303, 117, 109, 4], 298: [213, 119, 240, 283, 355, 403, 191, 263, 298, 204, 266, 179, 410, 74, 297, 57, 380, 62, 250, 393], 114: [330, 401, 64, 113, 404, 2, 114, 276, 96, 82, 244, 123, 21, 129, 130, 190], 338: [258, 85, 227, 236, 331, 338, 51, 196, 353, 78, 285, 230, 259, 372, 76, 305, 354, 168, 320], 397: [322, 397, 110, 126], 383: [389, 211, 304, 370, 364, 292, 420, 42, 383, 128, 171, 324], 300: [98, 300, 103, 246, 183, 175, 52], 14: [177, 160, 318, 255, 14, 273, 65, 270, 368], 192: [329, 140, 341, 105, 158, 192, 184, 187], 93: [125, 149, 193, 49, 80, 93, 152, 335, 366, 92, 223], 415: [316, 206, 72, 3, 415, 60, 336], 208: [262, 9, 302, 28, 83, 208], 207: [371, 207, 225, 245, 265, 189, 387], 224: [234, 210, 224]}
RSS for each cluster:
{20: 75.07422174518733, 24: 13.109362432804732, 66: 22.60921758661841, 319: 43.62360265063497, 90: 39.94609479030318, 349: 96.04325352300691, 295: 54.287704185722696, 115: 75.59896369178114, 111: 29.855300401060497, 419: 22.100182905596476, 390: 28.102196139293458, 339: 27.390232381719134, 298: 36.168088646118825, 114: 28.522599273414677, 338: 34.49089367137649, 397: 5.500071722087099, 383: 20.372515170970775, 300: 11.366121489356967, 14: 15.072391344669876, 192: 12.955316506281969, 93: 19.168717372044622, 415: 11.429862293044781, 208: 9.517337301394138, 207: 11.430168918174752, 224: 3.376460109638144}
Point closer to each cluster:
{20: 20, 24: 24, 66: 66, 319: 319, 90: 90, 349: 349, 295: 295, 115: 115, 111: 111, 419: 419, 390: 390, 339: 339, 298: 298, 114: 114, 338: 338, 397: 397, 383: 383, 300: 300, 14: 14, 192: 192, 93: 93, 415: 415, 208: 208, 207: 207, 224: 224}
average RSS:
29.884435050092087
Clustering generated:
{272: [1, 24, 47, 89, 135, 254, 378, 20, 148, 247, 54, 32, 39, 71, 272, 294, 332, 193, 316, 404, 93, 58, 399, 76, 182, 229, 77, 278], 180: [34, 67, 5, 11, 25, 285, 41, 180, 50, 381, 347], 81: [53, 56, 390, 42, 134, 103, 266, 22, 219, 203, 368, 96, 243, 369, 81, 150, 183, 205, 325, 380, 265, 189, 387, 415, 312], 308: [69, 173, 326, 142, 188, 389, 17, 27, 88, 119, 177, 288, 304, 308, 331, 359, 370, 408, 416, 116, 131, 141, 257, 319, 327, 132, 196, 197, 235, 249, 268, 286, 334, 78, 345, 388, 91, 179, 410, 30, 33, 127, 128, 238, 259, 323, 361, 372, 376, 382, 406, 421, 354, 405, 256, 398, 317, 165, 362], 374: [73, 277, 374, 360, 215, 291, 101, 255, 80, 151, 351, 392, 201, 166, 66, 52, 16], 211: [87, 169, 343, 373, 99, 43, 120, 211, 221, 233, 236, 287, 349, 356, 384, 412, 419, 125, 396, 13, 6, 206, 383, 185, 171, 350, 395, 314, 357, 112, 143, 60], 224: [121, 194, 377, 86, 115, 159, 309, 55, 341, 411, 100, 195, 344, 267, 394, 10, 35, 70, 139, 234, 386, 210, 224], 300: [133, 313, 98, 300, 246, 74, 175], 418: [157, 228, 306, 367, 402, 418, 48, 283, 338, 295, 364, 263, 299, 192, 82, 110, 187, 123, 274, 3], 26: [174, 413, 23, 348, 164, 227, 140, 149, 202, 26, 44, 65, 114, 37, 108, 231, 209, 225, 117, 168, 124, 118], 275: [280, 290, 213, 330, 279, 307, 315, 329, 275, 363, 401, 113, 353, 422, 217, 146, 178, 417, 104, 21, 296, 289, 111, 18, 385], 7: [46, 251, 322, 355, 292, 420, 423, 75, 92, 230, 371, 198, 328, 346, 7, 31, 107, 184, 409, 28, 223, 63, 8], 122: [122, 271, 281, 226, 333, 340, 403, 293, 379, 64, 273, 301, 204, 262, 253, 261, 9, 302, 365, 57, 59, 83, 208, 250, 282], 303: [144, 156, 61, 318, 155, 212, 242, 339, 68, 158, 269, 358, 167, 220, 303, 36, 84, 109], 12: [154, 38, 12, 407, 170, 181, 163, 252, 342, 239, 106, 218, 336], 186: [258, 199, 15, 138, 162, 237, 2, 276, 186, 161, 320, 216, 130, 172, 190], 29: [85, 51, 153, 375, 29], 245: [94, 241, 160, 264, 49, 391, 207, 200, 400, 245], 311: [147, 79, 321, 152, 335, 366, 105, 72, 97, 311, 62, 136, 393], 191: [240, 176, 191, 310, 298, 297, 248, 129, 4, 95], 260: [284, 90, 260], 126: [397, 232, 126, 214], 270: [14, 45, 270, 337, 305, 137, 40], 145: [102, 145], 19: [352, 244, 19], 324: [414, 222, 324]}
RSS for each cluster:
{272: 50.607682804288366, 180: 18.902898171045166, 81: 44.63891139081176, 308: 108.66024071166886, 374: 30.631604119858803, 211: 58.11205954141022, 224: 40.56907895598057, 300: 11.433356049533128, 418: 36.06456926448135, 26: 39.61660977537625, 275: 44.99609321329058, 7: 41.15660637779218, 122: 44.775372443537776, 303: 31.24817617851016, 12: 22.459587895073014, 186: 26.557183134294192, 29: 7.662771554066322, 245: 17.11164403795239, 311: 23.058254415746067, 191: 17.067372497976585, 260: 3.7560826999134864, 126: 5.486307627168897, 270: 11.558912131475244, 145: 1.9234148233772421, 19: 3.650831036124882, 324: 3.8322149684688025}
Point closer to each cluster:
{272: 272, 180: 180, 81: 81, 308: 308, 374: 374, 211: 211, 224: 224, 300: 300, 418: 418, 26: 26, 275: 275, 7: 7, 122: 122, 303: 303, 12: 12, 186: 186, 29: 29, 245: 245, 311: 311, 191: 191, 260: 260, 126: 126, 270: 270, 145: 145, 19: 19, 324: 324}
average RSS:
28.674532146893164
Clustering generated:
{202: [1, 47, 53, 56, 89, 135, 157, 174, 228, 306, 378, 418, 23, 54, 348, 48, 98, 279, 284, 291, 295, 292, 363, 116, 125, 132, 202, 316, 26, 80, 93, 102, 103, 151, 266, 285, 345, 392, 9, 82], 155: [24, 156, 313, 329, 340, 155, 212, 270, 68, 127, 201, 303, 409, 305, 222, 324, 95], 395: [34, 67, 69, 99, 326, 142, 94, 211, 304, 307, 308, 349, 359, 370, 419, 12, 257, 407, 268, 334, 388, 383, 352, 128, 260, 323, 350, 376, 395, 77, 252, 29, 165], 73: [73, 173, 374, 402, 177, 160, 38, 101, 149, 162, 91, 22], 87: [87, 169, 287, 170, 185, 153, 239, 387], 386: [121, 194, 377, 86, 115, 309, 55, 147, 141, 327, 344, 44, 217, 35, 70, 139, 200, 203, 386, 210, 224], 219: [133, 277, 322, 360, 422, 219, 394, 276, 81, 150, 183, 186, 124, 265, 62, 189, 145], 88: [254, 280, 144, 258, 88, 241, 331, 333, 355, 397, 408, 294, 138, 293, 193, 196, 286, 335, 179, 410, 75, 178, 231, 7, 107, 167, 414, 63, 166, 245, 40, 129, 143, 393, 312, 118], 244: [290, 343, 43, 401, 404, 2, 114, 371, 244, 19], 58: [367, 373, 148, 389, 39, 71, 176, 423, 301, 262, 58, 368, 302, 369, 400, 187, 84], 182: [413, 20, 122, 271, 32, 390, 272, 379, 131, 300, 253, 261, 92, 351, 207, 96, 182, 229, 243, 365, 205, 50, 83, 325], 199: [247, 199, 420, 65, 346, 296, 375, 111, 216], 339: [46, 61, 242, 339, 180, 198, 238, 269, 358, 117, 398, 109], 227: [213, 27, 227, 236, 338, 215, 318, 341, 79, 411, 78, 337, 230, 33, 108, 158, 259, 361, 372, 399, 417, 209, 225, 168, 66], 330: [330, 113, 146, 28, 110, 21, 60, 130], 30: [154, 64, 30, 171, 97, 106, 214], 234: [159, 140, 232, 100, 195, 267, 10, 192, 234, 181, 342, 36, 172], 120: [188, 120, 233, 356, 412, 25, 45, 41, 76, 163, 126, 347], 255: [251, 281, 226, 283, 264, 332, 191, 134, 255, 14, 321, 90, 366, 74, 175, 208, 161, 380, 282], 353: [17, 15, 275, 51, 299, 353, 13, 206, 31, 220, 52, 8, 289, 16, 381, 3, 385], 256: [85, 416, 5, 42, 319, 197, 235, 249, 152, 6, 391, 314, 223, 354, 256, 357, 248, 317, 218], 237: [119, 237, 37, 382, 246, 278, 320, 190], 57: [164, 240, 403, 310, 263, 273, 298, 204, 297, 57, 72, 59, 274, 250, 4], 405: [221, 288, 11, 396, 105, 328, 405, 311, 104, 137, 136], 421: [315, 384, 364, 49, 406, 421, 184, 112], 123: [123, 362], 336: [415, 18, 336]}
RSS for each cluster:
{202: 73.21800315964431, 155: 30.222086532983088, 395: 59.33139717105344, 73: 20.5889442651944, 87: 11.740241079926667, 386: 36.720288555731145, 219: 29.49038181865892, 88: 66.73421323151896, 244: 16.950675461148872, 58: 29.80061081524638, 182: 43.18407131618633, 199: 15.318441580679997, 339: 20.023575338834167, 227: 45.21701003507402, 330: 13.43257991999994, 30: 11.431574923461667, 234: 22.399916814189208, 120: 21.019384464058557, 255: 34.410877374975435, 353: 30.62636236976076, 256: 34.083918468835456, 237: 13.287270377382697, 57: 26.83398763736251, 405: 18.836637247923175, 421: 13.028396437606078, 123: 1.9644988796793192, 336: 3.8255292952093076}
Point closer to each cluster:
{202: 202, 155: 155, 395: 395, 73: 73, 87: 87, 386: 386, 219: 219, 88: 88, 244: 244, 58: 58, 182: 182, 199: 199, 339: 339, 227: 227, 330: 330, 30: 30, 234: 234, 120: 120, 255: 255, 353: 353, 256: 256, 237: 237, 57: 57, 405: 405, 421: 421, 123: 123, 336: 336}
average RSS:
27.54521757675277
Clustering generated:
{148: [1, 53, 89, 133, 135, 157, 174, 228, 254, 378, 402, 20, 23, 148, 247, 54, 32, 39, 71, 272, 294, 316, 80, 58, 182], 375: [24, 199, 299, 13, 266, 74, 183, 205, 163, 380, 375, 381, 362], 34: [34, 67, 17, 236, 310, 25, 285, 259, 50, 248, 347], 315: [47, 56, 280, 290, 306, 343, 418, 27, 43, 48, 98, 164, 279, 307, 315, 384, 291, 295, 364, 341, 38, 363, 411, 149, 14, 49, 202, 26, 102, 103, 30, 108, 323, 417, 82, 187, 104, 8, 317, 19, 18, 118], 69: [69, 213, 348, 147, 284, 333, 359, 403, 140, 215, 116, 64, 132, 90, 204, 335, 91, 179, 410, 206, 351, 392, 124, 60], 173: [73, 173, 277, 373, 413, 330, 360, 255, 152, 345, 391, 22, 219, 394, 200, 150, 265, 40, 189], 185: [87, 169, 374, 211, 221, 287, 349, 370, 264, 419, 257, 407, 334, 396, 170, 383, 185, 171, 350, 395, 406, 421, 220, 153, 405, 252, 52, 97, 222, 324, 123, 239, 29, 62, 111, 3], 10: [121, 194, 377, 99, 86, 115, 159, 309, 55, 226, 304, 138, 100, 195, 344, 44, 230, 267, 10, 35, 70, 139, 234, 181, 209, 342, 224, 36, 137], 416: [367, 326, 240, 288, 308, 416, 79, 176, 141, 51, 249, 263, 268, 286, 298, 301, 353, 78, 337, 127, 382, 96, 117, 166, 57, 59, 84, 112, 274, 16, 250, 136, 282, 312, 165, 4, 218, 95], 46: [46, 322, 420, 371, 31, 201, 243], 302: [122, 281, 262, 376, 302, 110, 72, 208, 311, 393], 144: [144, 128, 167, 400, 210, 66, 214], 269: [156, 61, 340, 155, 242, 339, 68, 198, 238, 260, 269, 358, 303], 379: [271, 379, 229, 365, 369], 356: [142, 227, 356, 125, 197, 388, 6, 244], 120: [154, 188, 85, 120, 233, 412, 42, 45, 223, 256, 168, 129], 7: [251, 355, 397, 292, 423, 328, 346, 7, 184, 28, 63], 107: [258, 241, 408, 318, 93, 107, 314, 409, 414, 109], 305: [313, 331, 338, 160, 300, 196, 273, 270, 372, 76, 305, 354, 143, 415], 75: [389, 88, 422, 75, 178, 386, 225, 83], 77: [94, 134, 327, 404, 151, 352, 399, 77, 398], 237: [119, 237, 366, 37, 246, 278, 320], 216: [177, 15, 275, 401, 113, 217, 146, 2, 114, 297, 161, 21, 296, 289, 216, 145, 385, 130], 5: [283, 5, 12, 319, 11, 235, 41, 33, 180, 361, 357, 106, 336], 105: [329, 191, 193, 92, 105, 158, 192], 325: [390, 332, 293, 131, 253, 261, 207, 203, 368, 81, 325, 245, 387], 232: [232, 101, 212, 321, 65, 126], 186: [162, 231, 276, 9, 175, 186, 172, 190]}
RSS for each cluster:
{148: 44.13496259918323, 375: 22.896038964937745, 34: 18.418090911214378, 315: 77.36865831412979, 69: 43.51964325490356, 173: 32.76668973048896, 185: 64.59932671828176, 10: 51.37949482424453, 416: 70.65259997031222, 46: 10.734672333494357, 302: 17.15314945167414, 144: 11.069045002138406, 269: 21.190227734205322, 379: 7.384514438075129, 356: 13.110288800437178, 120: 20.772364336060917, 7: 18.40663832982737, 107: 16.705838720353242, 305: 24.67088819769101, 75: 13.405531574386552, 77: 14.920952463337638, 237: 11.394783238499961, 216: 32.14032550305544, 5: 22.35512359571607, 105: 11.36381170881295, 325: 22.407234079233014, 232: 9.50761646400806, 186: 13.150178194635487}
Point closer to each cluster:
{148: 148, 375: 375, 34: 34, 315: 315, 69: 69, 173: 173, 185: 185, 10: 10, 416: 416, 46: 46, 302: 302, 144: 144, 269: 269, 379: 379, 356: 356, 120: 120, 7: 7, 107: 107, 305: 305, 75: 75, 77: 77, 237: 237, 216: 216, 5: 5, 105: 105, 325: 325, 232: 232, 186: 186}
average RSS:
26.34209605190495
Clustering generated:
{156: [1, 34, 47, 53, 69, 89, 121, 157, 194, 228, 280, 290, 343, 373, 377, 413, 148, 46, 144, 156, 61, 86, 115, 142, 159, 188, 322, 389, 32, 43, 48, 55, 147, 221, 226, 233, 236, 307, 315, 329, 340, 356, 359, 370, 384, 408, 160, 264, 272, 294, 318, 364, 138, 292, 341, 79, 232, 420, 5, 193, 255, 327, 49, 100, 155, 212, 235, 242, 263, 286, 316, 334, 396, 25, 44, 45, 65, 204, 345, 6, 391, 41, 92, 206, 371, 352, 33, 58, 68, 70, 105, 127, 200, 238, 269, 323, 328, 350, 376, 386, 7, 76, 107, 184, 414, 77, 210, 305, 405, 168, 66, 222, 324, 36, 245, 250, 3], 401: [24, 306, 367, 418, 295, 38, 275, 363, 401, 404, 93, 102, 2, 114, 244, 123, 104, 296, 129, 111], 103: [56, 378, 291, 300, 202, 103, 74, 82, 183, 205, 175, 312], 136: [67, 321, 13, 259, 136], 73: [73, 173, 277, 374, 402, 20, 360, 177, 71, 151, 22, 219, 394, 182, 189], 287: [87, 169, 99, 287, 132, 344, 170, 185, 153, 239, 336], 150: [133, 39, 332, 116, 266, 207, 369, 150, 225, 265], 382: [135, 174, 254, 288, 397, 140, 257, 11, 14, 268, 152, 237, 337, 234, 382, 406, 246, 278, 342, 357, 375, 40, 214], 313: [23, 54, 313, 348, 284, 90, 366, 351, 203, 231, 124, 381], 122: [247, 122, 271, 281, 333, 403, 293, 379, 273, 262, 253, 261, 260, 9, 229, 302, 365, 57, 208, 311, 137, 126, 282, 393, 385], 88: [213, 88, 227, 241, 355, 196, 179, 410, 75, 230, 35, 139, 361, 372, 421, 167, 143, 347], 416: [326, 17, 119, 308, 416, 131, 141, 319, 51, 249, 301, 353, 78, 388, 192, 96, 181, 354, 117, 256, 59, 274, 16, 62, 165, 60, 218], 146: [330, 113, 162, 146, 161, 21, 320, 362, 130], 29: [154, 309, 211, 349, 12, 407, 299, 383, 30, 171, 395, 252, 29, 106, 19], 251: [251, 101, 335], 423: [258, 423, 285, 314, 409], 411: [27, 199, 279, 338, 412, 215, 15, 411, 197, 10, 37, 346, 399, 417, 31, 201, 209, 63, 224, 8, 317, 18], 85: [85, 120, 270, 163], 118: [94, 164, 419, 422, 26, 80, 108, 128, 166, 118], 98: [98, 220, 110, 72], 191: [240, 176, 191, 310, 298, 297, 248, 95, 145], 392: [283, 149, 91, 392], 64: [304, 331, 64, 178, 28, 223, 50, 52, 83, 4], 81: [390, 42, 134, 368, 243, 400, 81, 325, 380, 387, 415], 125: [125, 97, 112], 339: [195, 339, 267, 180, 198, 398], 276: [217, 276, 186, 289, 216, 190], 303: [158, 358, 303, 84, 109], 187: [187, 172]}
RSS for each cluster:
{156: 218.4800466982458, 401: 35.514429032552236, 103: 20.16988073049035, 136: 7.689269173625909, 73: 25.26356903389058, 287: 18.03927556278382, 150: 16.82894627006384, 382: 42.091461979368084, 313: 20.787691410531504, 122: 44.70508797766752, 88: 32.04866482316494, 416: 49.15565056433924, 146: 14.685098824754629, 29: 26.079177093304057, 251: 3.743166932528725, 423: 7.48833825654623, 411: 39.879472802562695, 85: 5.7636863231872955, 118: 16.026849278852517, 98: 5.781424975331833, 191: 15.07107054246177, 392: 5.702240963185126, 64: 17.10774974755611, 81: 18.806696620221786, 125: 3.8565319751310216, 339: 9.454027203068659, 276: 9.35436885126424, 303: 7.278518205500259, 187: 1.9154946095735843}
Point closer to each cluster:
{156: 156, 401: 401, 103: 103, 136: 136, 73: 73, 287: 287, 150: 150, 382: 382, 313: 313, 122: 122, 88: 88, 416: 416, 146: 146, 29: 29, 251: 251, 423: 423, 411: 411, 85: 85, 118: 118, 98: 98, 191: 191, 392: 392, 64: 64, 81: 81, 125: 125, 339: 339, 276: 276, 303: 303, 187: 187}
average RSS:
25.474754705577737
Clustering generated:
{254: [1, 89, 133, 135, 157, 228, 254, 402, 148, 247, 54, 154, 98, 199, 272, 364, 38, 201, 82, 248], 327: [24, 374, 43, 164, 177, 233, 236, 304, 308, 349, 359, 370, 160, 294, 116, 141, 149, 257, 327, 14, 235, 286, 334, 78, 345, 383, 35, 128, 323, 376, 77, 205, 223, 398, 324], 67: [34, 67, 142, 226, 288, 356, 5, 11, 25, 285, 41, 180, 259, 50, 347, 165], 20: [47, 53, 56, 73, 173, 174, 378, 20, 23, 144, 271, 348, 32, 39, 71, 293, 310, 379, 134, 202, 45, 80, 103, 151, 262, 261, 22, 219, 58, 182, 229, 365, 74, 183, 311], 355: [69, 281, 88, 119, 333, 355, 204, 237, 179, 410, 105, 83, 208, 129, 143, 393], 221: [87, 169, 367, 156, 326, 188, 211, 221, 287, 384, 412, 12, 407, 49, 155, 273, 396, 102, 270, 335, 170, 185, 350, 406, 421, 153, 405, 252, 72, 222, 239, 136], 139: [121, 194, 377, 86, 115, 159, 309, 55, 94, 100, 195, 44, 70, 139, 234, 386, 181, 209, 210, 342, 224], 373: [277, 373, 413, 215, 264, 332, 176, 42, 193, 300, 301, 321, 422, 266, 391, 351, 278, 189, 320, 218], 307: [280, 290, 306, 343, 418, 360, 48, 85, 279, 307, 315, 329, 340, 295, 15, 138, 341, 191, 232, 275, 363, 401, 411, 152, 217, 366, 394, 30, 68, 127, 171, 178, 238, 382, 395, 417, 246, 110, 175, 186, 187, 123, 104, 112, 296, 289, 111, 18, 145, 362], 7: [46, 251, 322, 397, 292, 420, 212, 316, 92, 371, 198, 269, 328, 346, 7, 31, 184, 28, 63, 126, 118], 36: [99, 61, 242, 267, 10, 358, 167, 409, 36], 325: [122, 390, 131, 253, 207, 368, 243, 302, 369, 81, 150, 325, 265, 387], 230: [213, 258, 27, 227, 79, 6, 337, 230, 37, 108, 158, 166], 130: [330, 113, 162, 146, 276, 161, 21, 216, 95, 385, 130], 124: [313, 284, 132, 90, 203, 231, 260, 124, 312], 389: [389, 331, 423, 75, 414], 353: [17, 51, 353, 220, 52, 8], 76: [120, 241, 338, 408, 196, 249, 339, 372, 76, 107, 314, 305, 117, 357, 106, 109], 147: [147, 2, 380], 283: [240, 283, 403, 125, 255, 263, 298, 93, 392, 297, 250], 96: [416, 404, 114, 96, 274, 62, 317, 172, 190], 140: [140, 291, 65, 192, 9, 303, 84, 16, 214, 282], 319: [318, 101, 319, 197, 268, 388, 361, 399, 354, 163, 256, 66, 375], 19: [419, 352, 97, 244, 29, 19], 4: [64, 57, 4], 3: [299, 13, 206, 381, 3, 415, 60, 336], 225: [344, 26, 225, 168, 245, 137, 40], 59: [91, 59], 200: [33, 200], 400: [400]}
RSS for each cluster:
{254: 34.65409476687332, 327: 64.50403862574342, 67: 27.73518484954303, 20: 63.75582948997998, 355: 28.374756926733426, 221: 58.24492158496788, 139: 36.587927331641175, 373: 35.52226591073766, 307: 92.81534840612875, 7: 37.30126405895481, 36: 15.07780981867647, 325: 24.21995847992854, 230: 20.619267514016286, 130: 18.482215534462593, 124: 14.666785313921261, 389: 7.620321326415562, 353: 9.527838299759942, 76: 28.151093636861834, 147: 3.8249576240787553, 283: 19.084937161370913, 96: 15.305587735544695, 140: 17.334274087954448, 319: 22.693859540300323, 19: 9.445229682078777, 4: 3.820386863465776, 3: 13.290588882495529, 225: 10.897717651116038, 59: 1.9352807831323848, 200: 1.7417583282173577, 400: 4.498250126359438e-32}
Point closer to each cluster:
{254: 254, 327: 327, 67: 67, 20: 20, 355: 355, 221: 221, 139: 139, 373: 373, 307: 307, 7: 7, 36: 36, 325: 325, 230: 230, 130: 130, 124: 124, 389: 389, 353: 353, 76: 76, 147: 147, 283: 283, 96: 96, 140: 140, 319: 319, 19: 19, 4: 4, 3: 3, 225: 225, 59: 59, 200: 200, 400: 400}
average RSS:
24.574516673836698
